-563
-495
-1351
-2665
1593
-870
28
1103
239
-1005
-1597
1384
2301
2369
-1066
1120
-7
1198
-935
-1370
-343
-1561
-59
-807
-1977
843
-2062
-549
-268
-792
57
-1988
-441
1911
-514
1043
1711
-1024
-331
638
-488
-496
-342
292
-1085
1105
-1675
-1952
456
-371
915
-814
-955
1240
-579
-273
-1064
942
124
1678
712
1035
836
262
-3065
944
-429
1189
1147
3366
-456
-2961
488
324
-1317
-1019
1454
910
-1256
-1493
-1089
2
701
-285
572
-1616
-2453
1783
-615
268
-467
-1434
722
1046
-197
-1419
286
-844
-494
955
-1102
-600
-321
-108
425
1564
2204
-2462
1710
-612
258
-207
957
49
-418
925
31
-1242
1152
-1931
-132
968
-1792
-236
-818
106
-1432
732
-560
-290
767
167
688
-2662
699
-427
-166
-725
2160
-397
-1127
861
-2440
-1590
1098
-1643
-1707
244
-466
179
59
712
1431
-3046
-27
1361
638
-797
-1251
708
197
1469
276
-966
-383
1246
-198
212
605
-2593
-212
-458
433
-2013
-834
825
-723
-108
-1240
-1473
-766
450
419
-44
-1389
-505
1044
2241
931
-117
-2711
968
283
-591
647
2014
-1008
-297
284
708
-239
-914
-293
-901
768
68
-2128
486
-1085
1108
1165
-2069
258
592
800
-499
814
1569
-2479
209
2002
-1461
177
1483
1823
-317
-816
-179
-600
-29
217
-1095
533
-199
1265
801
44
-1646
-721
860
54
-1111
-368
-543
2109
181
-234
-896
-1314
-840
843
189
-1870
-207
1902
-399
27
-6
822
2010
-489
-1518
-1135
-1304
789
-1615
291
-153
966
-1576
452
-357
1709
-912
-1492
-939
-1102
-1548
43
-1829
3082
771
213
180
-1797
1369
-1473
-54
-961
-1199
2386
1618
-2384
269
-596
1996
639
-896
-1572
-1650
1791
-3958
409
1282
-731
-1798
-148
-710
-430
-571
9
-4017
-112
137
-1358
-416
-1041
299
-2068
-230
183
-198
190
322
-294
-2467
298
809
756
-2167
417
248
356
121
-1879
28
941
-619
-1511
-184
336
-1260
-1154
-443
372
-590
-1365
468
-667
1171
711
1768
595
-35
328
1455
-988
-69
116
1126
1431
369
167
-66
-92
-1490
1390
2056
-1298
629
738
-390
-1810
2374
-853
938
2509
-874
1552
-168
705
-874
222
375
102
32
-692
-37
1451
1816
1054
669
1066
172
1644
146
762
-1721
391
738
-212
732
610
1479
805
-1463
-1482
81
-517
-625
1775
-545
-1034
-803
706
1877
-1882
-1096
-180
-2317
1598
1138
2596
228
-605
-478
-2748
-2832
652
1324
1343
-1331
1571
-470
1058
-1916
389
-159
361
863
825
910
-410
-469
867
-806
50
-2596
-287
-1007
1174
1094
-1908
424
-465
-831
843
-25
-1218
-326
-1065
-1759
2009
556
1694
-1713
-25
734
385
1932
-156
-113
-652
-1263
-1659
729
619
-499
-590
-1371
1617
-685
-1091
390
307
949
-807
237
540
-1651
-1965
183
-621
563
-1455
579
-651
-713
2293
203
164
654
3236
663
-880
-237
-2039
1355
-3184
222
-126
586
-38
81
416
-830
1668
-482
334
525
-157
-435
-710
325
332
-2351
-1195
809
-565
358
-252
-776
-712
1037
1086
1659
-616
968
1171
-1229
-552
-1131
1265
1840
1193
430
-703
-779
341
1084
-58
631
663
-1872
-633
-1018
-1840
-247
-202
994
1661
387
488
-1654
-425
-1593
1902
1173
-2188
378
-214
-203
567
2040
499
-176
2083
248
878
-380
203
2550
926
-1884
-783
666
-1145
-335
131
619
621
525
-588
-1248
1331
-322
-335
-57
-349
1526
-2253
-873
-2285
-1913
1039
-85
-509
469
-58
-34
127
1192
-545
618
1630
-658
18
-557
3482
-56
-1858
-1296
1046
60
-167
1214
248
-27
-1743
-939
-70
2172
1748
-490
854
536
986
-78
-1671
1393
685
-541
415
-1486
-135
-101
-555
-1072
2011
-1312
-1297
-566
982
54
509
-1386
963
696
-444
-2311
-95
1073
-301
-583
1271
-725
-2285
-533
-1074
-379
-1979
569
533
235
621
-906
79
-867
692
583
758
-136
-572
296
910
1864
-330
377
753
-869
-1152
594
-1251
926
-662
-641
-933
2660
1421
-239
1180
46
178
-1157
995
483
2213
-416
244
-1480
-1814
2400
-470
912
2603
-197
184
-271
-450
-828
167
-1419
2198
-808
710
-445
2134
-1759
984
483
1024
1982
-1110
-1439
-910
1192
-853
303
977
38
603
-147
997
-12
-714
-814
1161
463
22
-1057
-279
-165
-1708
1280
1263
-86
-2233
1499
-503
395
-1484
269
726
1547
-1444
-9
-1243
1901
-1707
-229
-1063
-1787
1724
151
557
-509
-327
-1513
-992
36
841
-154
-367
226
-615
758
374
-1338
511
-1765
-760
701
-1600
2281
1345
-755
922
170
1678
261
546
-621
1856
-1693
-2083
-61
432
-333
2200
-1088
2349
1060
716
2748
2588
-825
580
1629
253
-527
559
-677
1421
-653
-3478
1741
-1386
-138
-451
-1663
531
170
1606
1974
234
812
-2328
-1073
-856
340
1899
529
-1835
426
-29
-123
-1766
378
-769
-2250
558
-620
366
-1563
1991
2063
-620
321
1547
-2367
-2564
1514
140
-1198
-309
-818
211
34
-1719
-1268
225
635
539
-386
-1414
-675
508
523
4620
-1384
-239
-932
317
404
1002
-905
-586
4015
225
-3560
-1877
1098
-2145
334
28
-615
69
-730
-426
-957
-508
283
-1462
-866
-967
729
-1883
370
1823
878
1820
-1511
1078
-87
1630
1253
713
867
664
777
2089
574
-1667
-132
2181
-604
1254
-1716
41
-2531
878
0
-2140
-552
-354
-1762
1331
-144
200
1216
-1161
57
521
-442
-599
357
-232
309
368
184
-179
-478
1087
-447
-2308
944
-284
-1328
-206
-1409
761
-1772
552
741
40
706
266
772
978
947
636
752
633
1666
746
218
-215
-2323
-593
311
-730
-2037
-872
2803
824
86
1140
-96
-1738
-2137
2450
482
1697
1015
1068
-571
314
-558
2890
-1205
1541
800
-1877
-148
287
2679
-445
-8
-237
-1676
-487
-376
335
-71
-252
-1568
1004
1180
1443
800
-1864
1071
-1413
1767
-509
263
-1596
673
544
-398
1228
-891
-586
-2066
228
-742
-2297
-1150
-601
1675
719
-1659
384
1741
-1824
-424
418
765
1473
1427
-2541
-22
180
-1361
883
949
-307
-2424
1517
-1550
-740
-1374
265
12
1071
-522
-1686
1772
1579
-1241
-1500
-7
-2465
719
-1003
191
567
-13
1789
354
-709
-1323
-2188
1480
2315
1911
-2030
-367
1197
292
-24
-623
579
509
-1308
-1507
-505
-1198
461
-179
1294
-995
1321
-1277
-2145
-515
-79
565
151
546
-1563
421
114
1792
1087
-1828
-2991
1475
-465
-948
-331
-1028
-326
-1166
594
650
863
902
814
-114
-2553
-258
10
618
-771
1100
754
317
945
1319
1391
-630
-936
1704
1501
749
-1232
647
-228
-108
-659
2016
-2
491
-260
-1231
-710
-504
-2281
1452
-1214
-195
1145
1476
-1489
-752
605
383
-1038
-657
0
-360
1423
-1414
-779
-560
442
1785
-763
1138
869
-1279
-225
618
-395
441
504
2423
-1710
775
1196
837
2753
1150
43
538
-82
-628
-672
791
389
-106
1001
-1370
20
17
719
722
-440
-2025
919
-120
569
-1659
1174
-404
-70
-346
-1009
-504
-877
-1119
593
509
1581
-2876
-393
-2100
347
-636
-955
1509
226
1542
679
-2797
1370
-493
-2319
1978
-1582
805
-33
1191
1338
1138
-312
325
843
548
2386
-670
1352
88
-1961
1366
1672
-281
-743
887
965
-324
708
1326
207
-1508
434
176
-1016
-1030
-28
-589
158
753
3458
246
-1550
1557
-935
-2817
1710
592
-1115
1058
2500
174
-230
-1282
-2110
992
-1507
-957
-1934
887
1589
534
693
323
-2130
-1651
-22
1556
388
-1286
743
1040
446
615
28
1242
149
-1200
-1996
259
-52
354
-227
-1777
-1031
904
65
136
838
1490
983
-964
1726
823
999
496
-1285
1276
644
2634
-1375
-448
2197
575
1493
-1352
-699
-427
-1340
-1077
802
1210
1816
-332
1271
-1086
-517
-742
-201
234
-1135
908
-1181
1333
368
229
26
95
-1130
1550
1424
755
-333
-1194
57
146
1097
-2528
394
279
1511
62
-124
-735
-1063
-756
516
-1806
-1427
893
-560
2266
430
-916
-80
430
411
-1793
-1369
-1700
513
709
890
844
-935
513
-63
-198
-520
735
308
-47
-373
-304
-278
717
102
-1969
2063
-1913
-1616
-1360
-1916
-515
-1322
-1833
-1817
386
1825
335
-601
-773
-388
1025
-1178
-677
9
1386
-208
-297
654
-987
820
2005
-821
471
-765
-163
-714
-716
-1630
924
-504
-199
-893
-110
-1789
552
1422
-2371
-1096
254
-409
377
942
-296
-223
-1521
754
2072
374
-965
1059
-967
-476
-2348
2154
155
2294
2930
-1185
862
3051
-1092
-583
-986
-1187
-1411
-291
1154
-1093
-188
-318
-1965
148
-270
611
466
-800
-1602
-945
920
-657
-83
-1347
-189
-409
926
-519
-807
231
-763
1691
-1410
1984
150
-996
-1118
826
-752
-832
892
-287
22
2802
2039
-834
-2020
437
-252
-889
318
-1855
985
712
-63
1732
-992
878
1271
-261
209
-627
1706
2057
-382
1026
230
465
-180
-329
-1120
-1888
-546
-650
1148
736
-787
1277
-1203
1169
1459
349
-1014
-980
121
-1034
-1060
-1661
2091
387
1228
1027
-1361
-15
747
-1371
-184
-2488
-843
3239
-239
-1190
2061
774
-781
530
2188
-1105
1176
-2093
-1001
482
447
-400
-1462
-734
-176
2831
-603
-2371
959
320
-1102
395
-2357
906
-1165
298
-645
2526
-184
-1609
-1530
-1421
-230
1962
2201
2882
2458
-976
-380
-460
-1595
38
-672
-724
-496
117
288
-1247
1752
-293
-1402
884
-459
178
-1716
-1477
-810
-581
-2009
-399
-2035
-2062
1489
-892
-1125
989
-681
-226
2545
-544
-457
307
163
1128
1204
-954
614
-87
259
145
-2017
1416
-1053
-1297
841
-568
336
-1259
231
-1329
-2750
1711
-741
-109
1166
2077
1017
249
173
-448
-456
819
-410
380
-1092
-1449
-3662
-290
-80
824
-2535
-1510
-353
972
1157
859
1235
-373
-392
-641
-1970
1032
1923
1144
-9
-164
-1907
1544
-260
-633
991
-295
903
-2156
-1278
-230
985
-343
49
362
708
1236
-192
671
-1456
2583
203
2685
1558
-625
-1810
-93
-1218
928
61
627
-221
1197
-1567
-654
-1110
1975
1502
454
325
-658
2
-2573
1407
1947
-770
-2656
903
-1341
-1044
341
80
19
-1271
168
1392
1734
808
-673
2549
-345
733
-589
-1786
443
1401
171
-1118
-2260
2510
1676
184
1818
673
449
1109
-2192
-520
185
-540
-738
346
-183
-683
260
-107
156
-76
-1361
696
338
-185
222
-813
154
1314
218
-1224
1297
-1254
-1937
-1356
-72
171
1604
135
-2007
422
1022
1837
-101
1294
-579
236
-1993
2013
-71
-1144
1157
-1734
2417
-288
1372
-133
-1394
-372
-2050
-1076
1156
-3058
200
631
-827
371
-2193
489
-796
2289
-2978
210
-1650
-429
-351
-1715
246
-2810
-606
-246
-2089
-500
1412
1659
-834
562
623
-561
-1698
248
-512
-1311
259
1370
1006
-1743
1576
671
-250
-677
-193
-2076
-1581
21
-2349
-508
-921
-282
3255
-956
-1848
234
-1450
436
586
-215
-500
-1502
-297
-2289
-897
590
76
-1320
-99
-916
-162
101
800
-799
-342
-433
603
-1660
1821
-252
1564
556
995
788
-441
513
-389
-767
30
1214
1051
-1888
-558
-1037
1082
-518
-41
-1218
1328
-2835
-794
1038
1253
-187
617
-2128
-919
-2139
432
1600
129
-789
784
1331
-342
-1263
1168
156
-613
-1193
32
-768
-730
-2229
389
242
590
-2026
465
-469
348
-1453
1381
-1342
1084
120
2230
-148
-944
-242
777
-1795
1748
1133
-564
1891
-1417
-686
948
-808
918
-294
623
75
51
1884
600
-478
-67
1681
378
742
-281
639
-1855
-669
1068
-915
772
556
-708
-301
1219
-339
-1065
584
380
910
636
979
309
282
434
-1272
924
1079
1326
-1213
1981
117
-240
-428
-2355
192
-917
539
-795
465
1128
777
1715
77
-2044
328
20
-1584
1143
39
71
-89
-636
682
-322
-621
388
-1247
-500
-1236
315
-1153
1813
-684
-93
-477
1019
260
-826
1390
2486
-372
-633
-1303
-791
1180
837
1450
-793
1749
-382
-1329
1671
1098
-313
-1990
-397
1661
1251
905
-456
-1547
-1308
-961
-2152
-2375
-2386
-767
318
-609
-3221
612
-338
365
1570
166
-1834
-1124
-1270
151
547
-155
-3034
-1520
1476
-647
-600
273
-3678
844
1993
1586
1514
2892
455
-1266
256
2191
-804
-849
-3084
-1021
-520
-103
19
-833
1450
-38
2148
-663
-1381
-416
510
1231
677
788
-2239
733
555
2323
-1586
-662
464
-317
558
409
-1092
-240
-1150
-18
-565
968
1615
-1347
719
-68
1028
1185
-243
1224
-243
1028
-112
1187
1225
1022
-1542
1229
141
-186
1855
728
453
211
-769
2359
1840
-137
-1391
872
-1326
702
-240
2155
-648
1807
440
837
-2477
-1701
-154
-911
878
982
-1542
2332
-373
-620
-2038
-931
1324
1714
-609
5
-11
873
63
1306
75
-574
-1428
286
1411
-1207
-2209
-1546
404
-2447
-712
763
-377
1045
621
-1263
1372
-860
622
141
-48
431
2133
338
-632
-952
-1832
6
-202
617
1163
769
1689
4074
-1284
1748
232
-176
1235
527
433
1679
-856
319
678
-1048
118
411
-2032
663
420
1061
70
-855
862
-183
132
325
760
-103
-539
518
901
35
354
-573
2969
-95
2554
-361
-1459
462
-1150
-214
-843
-1226
545
-2064
-679
-235
-407
1474
826
782
1493
671
-1299
510
1298
561
-24
-1169
1107
325
417
-385
1704
-546
-121
-58
-1089
845
1306
2136
381
-2551
-1170
1883
802
2308
-2158
-242
-1174
975
-1277
746
48
1389
747
1381
26
-467
886
-67
-613
326
557
-1785
116
328
717
-338
-1074
1001
-2220
-720
-897
-882
-720
783
-341
330
-612
1355
-663
-831
1435
1379
331
-457
-463
1921
-975
-2610
-681
-2476
-212
1208
-710
-790
3040
-828
-452
-648
636
-137
-1701
-821
336
-886
174
1321
1213
-1795
419
-84
2036
-797
-355
-914
982
-673
868
-448
-97
9
-1907
1961
-390
1529
809
-519
24
77
-66
-496
-449
-898
-692
1719
910
-414
-774
984
319
-901
880
-2445
539
152
-240
1492
-2243
-1278
416
-849
342
245
-861
1862
-280
-584
321
1680
641
-141
-1214
-1660
-1074
2027
81
-904
905
824
1361
884
110
357
774
-172
-679
951
1595
2005
857
1682
30
1954
-251
820
1319
-249
591
65
-335
2311
-1876
-218
827
-135
887
-1593
1238
521
1444
-1903
-2
-173
-989
2166
-2412
1746
-243
714
838
-422
248
-59
979
-592
2544
1735
-1213
225
-1809
-2467
1062
93
-1103
-370
-1169
-1719
-598
1257
900
674
1993
261
-434
1958
-1636
386
703
907
-2038
-20
-2355
-1447
851
1051
-477
1730
3992
925
1018
778
-2113
824
778
297
-2177
-848
-2028
628
-1015
-1986
-50
0
-717
-482
1864
656
255
-2641
-1253
-694
-1436
-1746
386
1774
229
-1548
1157
-2755
-138
-2135
549
545
330
212
-336
203
-218
34
-584
1503
-652
-570
1256
-1385
483
-1316
-309
197
388
828
2093
596
-196
-830
-1089
-968
-1362
-931
456
-1399
1102
345
-58
1122
-1010
196
-55
-1843
2904
2244
-236
-1124
1570
223
147
1369
-3180
-1288
-59
-907
-568
623
953
-3051
-1264
627
-524
-448
-109
157
617
-489
227
410
-14
1080
885
-358
-642
200
1361
-809
816
1803
-152
-24
120
667
-1476
1226
-3001
541
-287
-594
91
1504
68
-709
1560
158
2516
248
2849
-2662
481
-907
-2068
-541
57
-806
-1483
-196
-62
2457
1295
-1331
-348
-85
-2071
-1401
166
26
2108
-218
-1043
2579
-1702
-460
-1121
157
-500
1025
173
-152
440
-339
-754
-1024
-1176
-50
10
-67
106
-39
-249
1581
-197
200
-1799
26
1028
2556
340
1150
-379
1449
2143
1444
555
-856
347
1045
1707
-4
-1412
-1116
739
493
670
625
1094
1517
-389
-1152
152
1063
595
-151
888
-1465
-483
-630
-518
-168
-2208
1614
922
-219
1309
-458
-869
-851
-870
-584
528
-2229
-546
1653
1118
441
-94
1467
1471
-347
305
519
-1523
-1452
-2329
193
741
626
-12
-1154
-2428
412
500
-607
-1315
123
-980
897
-301
-80
240
613
120
-3063
283
2176
218
1051
1196
-1029
4
-1567
-186
1483
718
-1131
391
613
-319
-4162
2019
455
-876
1153
1848
-3005
-1260
-2665
2410
-301
1344
-623
439
501
-388
-724
-661
1491
2170
-641
-991
25
396
-325
804
-991
971
121
226
1519
-368
-996
-515
-676
-385
714
-2618
51
278
-1934
256
1989
-606
-1636
589
-1945
-608
-424
-1793
168
1398
-823
-171
-238
931
-1475
1719
-283
1187
-412
325
2155
1522
903
-58
-58
594
1307
-1629
1769
-1607
-2487
-1106
829
1928
-678
1226
36
-367
1277
-1536
-643
2486
633
-51
-59
953
42
-1268
-1640
-2484
-26
120
394
-692
1686
-834
-857
625
479
980
144
-1157
69
-1633
-1315
1461
1266
1253
-811
-280
1392
717
-2214
582
-69
-978
-195
703
-80
692
781
-1508
-556
321
-914
308
-2355
892
43
492
-992
1417
861
-1153
-366
-2272
320
609
1616
-1000
-714
-784
-1070
203
126
2035
-1172
-934
-465
734
598
2184
-2014
946
1428
393
-822
1677
1894
-886
891
227
1682
-1109
1863
-1558
-173
268
-216
2277
156
2479
1739
1403
-953
-1417
543
-766
-354
96
-603
-1476
-434
739
166
1675
824
611
-283
1937
510
160
1366
1031
-2750
936
1441
-73
-186
1121
151
434
363
-2116
-1810
1080
973
1243
1211
-197
906
909
-327
367
907
-1317
-610
2019
-524
210
1809
204
-1442
-293
-942
-115
-909
1215
1563
-1431
-584
-1210
141
696
86
1034
-364
91
764
873
-316
525
962
-706
1302
736
-216
133
1949
18
305
881
2171
-362
2160
650
1434
-215
293
-2862
1792
-1255
60
-86
-739
-951
496
20
2491
2590
154
-446
300
823
-286
1449
-2399
-1172
-377
-577
-1011
-573
2537
-159
-734
1374
705
-351
1483
176
-1590
397
428
-2502
-937
1729
654
8
2307
1311
1628
-1399
-332
911
458
374
-567
1214
-2050
919
-1614
971
1628
-1232
-2410
-927
493
1452
-1464
1904
-995
-795
-1212
881
-1081
-786
65
-1581
-935
171
5
693
1073
-2184
1122
-462
-1756
1113
-915
1598
-2542
-2186
-50
220
1218
311
1545
50
2043
164
458
546
-1481
27
-1795
1020
2075
-1105
1367
-101
-2882
1827
-1797
732
191
10
-942
-1197
-2134
-691
-1195
584
-526
532
179
1501
253
-29
1014
751
57
-601
-897
2091
-1499
616
2294
-1558
-582
1891
1323
286
-1148
-637
1179
-451
1524
1736
1237
2557
1593
-790
-1953
2375
1915
-2081
-814
-1280
-925
-1250
-425
-7
1928
-318
-323
-1055
-1255
-240
-1735
-238
-529
509
-654
677
843
-220
-679
-443
522
-92
-677
-32
1709
-1194
613
2884
-1661
2034
1623
171
439
1396
515
-461
-428
-512
-1484
1231
90
19
566
-450
2367
-1047
1389
541
-945
-94
1555
-961
428
215
-394
-1618
-271
-1126
488
-78
-277
1123
576
1158
1082
451
253
664
-842
-786
-639
-712
399
786
386
-822
1292
1819
-785
-295
103
-1143
811
-374
-118
679
1898
789
-1463
-2334
-213
395
-1003
923
-826
-611
877
1573
709
1234
211
-1004
-496
1832
383
534
1391
-1399
78
1468
1454
-686
-532
1015
-1613
1755
-1648
1014
-2611
-797
-1093
-1892
-552
-541
-1724
-1511
1757
474
-1263
215
-1574
859
-1781
-132
99
300
-526
866
1505
1066
-1418
-771
-792
-792
1184
1679
-1779
-1297
-1131
1279
-527
-932
-1595
-1150
693
885
-477
-136
-51
-979
1186
-1948
-480
243
243
798
1807
-1855
-192
2316
2149
1433
-2170
-74
546
73
196
153
1
-376
1703
-1873
63
-222
947
1207
-2452
1259
792
1288
1123
122
-804
1036
-269
-264
-2309
-1121
1779
1102
-89
-2132
-615
-576
-582
134
-10
995
843
-94
-2378
-1951
2168
-1785
584
-252
132
-414
-1347
612
-760
397
-1033
222
2178
-371
1551
1442
-1556
-2134
-254
-1945
-1218
-979
-552
327
-698
737
-1698
-38
-1225
-1428
-1359
-1433
333
785
-3286
-310
-404
1384
-872
534
-1142
-31
542
122
796
-462
1118
-80
1655
-344
781
299
2138
-150
-259
-1157
-508
1050
930
-1070
-305
429
-1043
1927
-117
534
504
395
-892
454
-896
643
2352
2299
-431
-2429
879
1313
-143
929
958
330
1042
-251
743
1705
-673
-1085
2084
283
-1197
428
700
-805
1066
-2116
471
-1607
886
919
-1651
2411
691
1824
424
1785
848
1118
-1701
1383
-14
-409
319
-957
1427
1876
321
157
-474
-941
1187
2014
264
844
1695
1157
1344
350
-611
849
187
1039
-1211
57
-390
3127
-139
1090
-447
1934
429
258
-249
1310
3068
-1102
1806
1218
-275
-266
2426
-920
-1208
1132
-303
-54
1307
-3041
-815
-376
1594
-1364
-208
-242
426
1503
-242
1191
-1144
909
-1564
-1912
432
-297
-3092
1551
-207
502
1396
-15
1546
493
-601
1849
-2389
58
-1624
478
-1061
1100
-945
-1794
-1742
1283
391
197
1600
-708
1182
-235
204
-50
2300
1115
-35
-1324
262
-929
628
-1376
1191
2313
312
-324
727
-755
1429
-58
1014
1492
-2204
-698
229
-11
2141
744
-1736
383
11
-1194
2245
-1576
-454
-254
-505
2426
-1756
1362
573
-2128
772
391
-491
-1586
-435
1170
102
981
-1207
978
135
-186
-211
-105
-1627
1711
725
-2215
-395
-564
-265
-1212
54
196
-1806
-1061
-997
-1098
1054
-1213
-2403
-1214
-546
-712
-321
980
-683
1410
-770
-1484
-1099
477
19
-311
1023
1409
-64
-868
-958
-625
-3077
1739
-1821
2345
100
-1288
150
391
2012
692
1317
-79
-1196
1784
-928
-412
138
1636
-298
2419
-568
-3005
-340
-220
470
-966
101
341
-2051
1
-830
799
2092
-592
1350
-230
-1437
591
1540
-385
2875
-437
-1284
586
-214
1002
2406
310
333
-306
1461
536
340
-484
-1340
-931
634
546
-444
551
114
328
-1977
-7
-680
-102
-1078
-803
-2234
1931
-1083
188
1292
-1109
-338
-161
451
-112
-396
60
-97
622
562
-1027
625
-965
-2163
1458
-1180
-1041
-2197
-2150
734
1853
1511
-1015
-340
-1064
491
-660
3120
-244
1081
1038
-1291
-1820
-116
-210
245
-1160
1070
-207
-1280
621
-359
37
-1711
120
-1050
1362
-1132
-1817
-484
833
-1276
1042
-2786
-159
-2051
1165
553
-1122
195
-237
781
-1046
-1492
-1359
6
-1845
-409
-2049
972
-356
-580
-83
-322
-798
487
-504
1363
-1034
970
737
920
-634
1177
-764
-732
6
-148
745
1091
921
1049
1622
-1105
-25
1694
100
4
717
-720
948
-1801
632
1463
749
2141
516
-139
-2386
-572
75
-1092
1020
-311
-473
-979
184
-320
-531
478
283
-795
-422
19
2082
1038
824
199
147
-226
-668
-1567
443
414
-790
-3
316
333
-289
-1260
215
-95
-846
-301
141
-190
-484
-422
-1651
-1804
-1426
1321
1029
-2093
196
1435
-541
2493
338
-101
2268
-911
-160
3269
-101
-1419
124
-1984
558
-110
1384
-178
1424
438
-935
-714
1563
-2397
12
-834
-1326
66
-2273
-18
1534
-1450
-3098
-842
302
782
-20
-527
342
-1672
883
1359
-92
-463
-955
345
-198
-298
890
-46
-321
680
838
-2457
455
-903
618
180
572
537
983
1186
-355
1240
-1322
859
-2186
520
1058
2250
139
-1285
-1128
-1081
-120
-1701
-705
863
345
310
1052
-855
61
388
-569
-958
644
1501
-1367
-407
-228
1811
-933
347
-885
-549
877
1778
-564
-540
1320
1063
-1845
126
-2050
-1164
871
2363
-1676
-1474
928
765
-980
-1473
-912
-1284
2389
238
540
415
439
-1089
195
993
-297
-417
716
2114
1727
503
-1618
122
-1810
-411
144
-327
-22
710
-276
-1846
-493
3061
509
2098
160
-116
827
1450
535
2276
-1466
-407
-1634
1366
54
-1310
-842
-1105
1803
1710
-226
1786
1205
1213
-1830
-171
-1395
-1246
-868
-3269
-236
52
-313
522
352
435
