-413
1264
149
730
373
1636
1999
930
1573
1048
1178
-211
-2010
-2072
-718
108
-890
-409
-532
-1102
-441
2180
1365
-696
1430
1521
655
94
-256
1126
-214
-1163
324
1174
115
-558
-125
2201
-1117
-78
335
-1131
-1493
231
-1113
1104
-211
-853
1055
1201
-1152
2564
254
-2050
321
-469
-791
-3079
-3096
-742
-1024
1391
3182
21
-781
-867
436
1412
723
701
213
-551
-1478
1602
-279
-211
-1067
-519
1537
2263
-1250
1103
-307
91
182
189
-1639
1229
65
672
2207
17
608
-542
2249
23
187
959
408
-1232
304
774
-71
11
180
1435
-268
-612
-2197
676
1094
-1381
1402
-503
-511
-1392
372
-1226
-1548
-2498
-384
1184
676
272
-225
-76
-255
442
-200
-160
1597
-34
1033
-643
226
-1969
-653
-210
-210
-729
-769
-1291
-494
-586
-711
-2889
355
912
-41
-3074
1008
-1797
1699
390
-203
1924
-1092
-311
-857
812
598
-1118
1364
1056
-290
892
-288
-32
924
-7
94
-3261
2673
875
620
-63
66
-1592
-844
510
-1765
46
1815
-910
-23
-501
2151
-17
-573
351
-3132
-636
81
-24
-1232
408
1379
1513
3718
-251
-171
-684
-1125
532
-2079
-1931
-2257
-1323
-689
-950
-1583
-888
-354
1199
-414
213
533
-1887
-2596
1423
-1125
-337
1266
1411
-1436
-453
511
2649
1311
-914
-542
-1015
1080
473
1418
-1533
481
942
-361
1104
822
1479
657
-228
2
-1160
-176
1119
790
1472
-268
222
2456
-1394
-489
248
-383
-541
50
-2802
-2529
-489
-599
1049
1642
1391
-472
-2509
-1142
-575
544
-810
-1833
457
526
-532
539
-576
-21
567
-1130
-1721
908
-130
-378
1677
168
-411
344
2087
54
-659
1167
695
-2207
119
-1060
717
2108
2681
-723
1192
-917
-423
243
102
248
-627
1062
435
973
87
186
2418
196
-277
-1039
1822
-160
-523
-644
-882
569
216
-380
78
-1037
388
-1120
658
-476
1929
230
-1810
-475
-1610
-525
282
-1487
-469
-77
-1316
1716
-1615
-99
6
-1994
-1096
-1399
-235
-941
-237
-1342
-112
1856
1969
-1615
798
883
-313
55
179
-649
432
1128
266
1168
-724
-1884
-364
-78
-1792
-1376
216
-157
-1206
229
338
113
-942
946
448
-1325
-865
-293
1027
624
1303
-84
1304
1064
1892
-687
2635
554
-101
-960
-362
1434
-706
-2124
-1441
365
1054
422
-1493
-723
-867
-1026
378
-703
-1065
-660
1068
548
132
1497
-876
-413
-803
-216
1287
773
915
-2712
1774
-1808
504
-1881
1036
-1354
1273
-485
-381
-2614
-1226
1398
-372
197
-121
1857
656
1857
720
-1254
-2483
2137
672
-975
-93
-1608
-1747
1664
-800
-924
626
-1586
-1785
520
-1336
15
119
35
-1157
-1278
-1103
-701
-487
-947
1445
-1955
1522
-1782
-784
2284
304
760
-3224
-327
212
512
-637
268
176
1395
911
-1458
1330
-2484
347
-370
-2425
127
541
586
373
-569
1173
-770
-43
611
-673
953
144
-387
-1794
2282
-1294
756
-765
-556
846
771
621
-1719
3144
-1330
1072
-1846
-361
1016
-149
397
-2795
-2537
-305
-873
921
-1263
1044
-1433
-2682
1201
1138
314
-240
-407
154
-62
-1740
-305
-931
-1503
-1660
183
-2157
1631
-1380
-218
-779
730
361
-542
11
739
-883
2007
-677
-712
1449
410
-113
443
-1148
-294
1763
-985
-879
357
1296
1353
-57
1737
-1820
1355
-2854
144
-193
1247
-726
-99
-1294
2475
-1365
-1709
-1628
-170
397
-5
78
450
519
176
137
959
-175
-2119
1568
3417
-488
90
-728
-2070
1362
-860
360
-525
2038
-1407
-2115
1166
1873
-1581
1897
1328
-773
1306
-368
111
1573
-80
102
-746
-2060
62
-654
246
-484
1852
123
2569
-1071
-228
-298
464
1354
-1086
-3294
201
846
-1670
-121
637
408
247
-1514
-708
104
331
1956
300
626
32
34
-1590
-968
1157
756
-677
105
967
-759
2081
835
-2922
385
-1359
-625
-582
205
-262
-57
2107
-1224
-260
-658
195
-41
-1686
-729
-736
-229
-661
-1525
2611
387
164
2081
2783
1089
1146
-318
232
-540
-1147
226
-1714
-546
-961
-1040
-325
85
827
1632
760
2029
770
-1316
651
371
571
1747
-378
-171
109
407
-725
-2111
-185
-814
2155
137
-1767
-940
-982
-116
-729
1089
1781
-363
-1002
-183
-88
-1071
833
806
-442
1328
-2029
86
-109
506
-1183
1517
221
1992
-278
-532
-986
-1201
-845
777
1225
1357
-8
-950
-1194
-1486
675
318
585
1694
1834
240
-93
-46
1374
-746
1089
680
-2072
112
-1675
-1068
486
-1441
-1374
1318
1433
-1310
1705
2336
215
41
-581
-1008
1866
-537
187
1456
-1668
2260
1359
-1977
189
-1094
-1549
1002
685
-258
-662
-1296
262
906
1106
-1405
-635
231
1303
813
-466
-826
1271
-2021
-1367
1041
113
1654
1177
37
-1499
-1527
-645
1901
-2155
-13
-1020
-205
1094
1831
195
-562
425
-90
-2723
-175
2348
-21
717
272
-292
1713
-660
132
2306
-852
-1767
0
-148
148
190
1376
1631
1222
-1586
161
-1276
-1879
-379
2072
-2147
1482
-2443
511
-1486
-415
19
-779
-1910
1140
1335
-2385
-2060
-546
93
-2392
1119
-644
1707
262
847
509
2079
1244
-1139
1647
-77
678
278
1184
-512
-477
-1812
-1693
-249
594
-2470
-2778
1630
-413
2581
-1011
-334
-1867
2097
1275
308
820
585
-341
-1766
-894
-2506
110
166
-3064
-373
-284
-895
-312
3000
657
1171
-1475
169
538
78
-1256
-1539
-809
-281
-2471
-445
-3288
27
-568
-86
-1342
1395
-909
-210
-103
47
-1043
-1306
1101
462
-1001
825
397
-1218
593
901
585
-703
-484
859
469
215
-538
1366
504
1518
119
731
1580
1867
-969
-1137
1008
-904
-652
-1236
-709
3167
375
-325
-142
-1549
-815
-1100
-1562
-984
-70
-331
3006
2281
-989
127
408
-402
-432
-135
-1081
977
-118
1390
-1216
254
1263
61
138
-861
-1483
438
-434
-28
302
3058
-872
-2
477
900
1640
-1406
-328
1650
-325
521
-385
470
-378
-207
-840
728
1974
-230
-255
506
2139
-377
691
999
-1343
-1122
249
-680
623
850
-287
729
1414
1280
330
-2942
-3
1044
1353
-1012
1658
2
-1327
-925
-482
4405
1430
-901
1442
-2240
-586
2630
327
-1425
555
1708
-209
1062
-1325
-2177
240
-154
1138
-2129
-444
586
-1527
272
2303
-245
-1019
305
-515
2105
174
703
1684
-2246
726
550
-138
215
-443
-1282
20
254
-1334
-43
630
-554
-510
692
627
-472
-1299
952
-950
-297
-138
1473
-1149
242
-1094
-1695
-1220
744
-253
-1459
-3420
5
-1031
336
369
-1749
535
-1378
-2720
-855
2617
-1088
-789
-463
1293
427
976
-2207
-5
-592
1184
-500
-422
-1565
95
381
1610
-666
-403
-769
-337
1647
-1485
224
60
-2121
653
-287
-493
128
103
-859
1696
-1959
-1974
852
-193
1076
-1308
-353
-603
128
1151
1317
6
-247
-2013
128
190
2935
2008
-669
-1859
-458
514
-604
-374
182
-674
787
-1145
-875
1169
-1242
330
452
2076
-631
368
-1096
1566
560
2998
1842
-551
2571
2125
-520
766
511
2696
1871
-1525
100
-908
-1944
1005
320
1403
806
558
2362
598
-2143
1747
-1069
-1794
794
-764
1807
427
-2662
1010
-441
376
174
-195
-966
-447
905
-420
-641
-1616
-595
-969
1213
-3127
-390
-1793
-1929
1362
-2024
657
-1696
695
370
-2132
855
1861
1659
-1003
-1239
-623
126
308
-1343
564
1420
-811
-646
-407
1087
187
-1167
-1243
363
1430
-390
199
1415
466
638
821
-1000
-9
951
626
-332
-622
739
-492
1223
-1003
198
855
1299
-218
-580
174
75
-1608
-702
-148
614
-3589
755
-817
-1409
-223
-2734
862
-832
-1158
494
2268
-2030
237
-549
232
-347
-78
-1216
935
-495
1145
-736
-2855
624
691
2852
-581
-568
-410
-533
-1167
-1172
643
633
-283
-1391
-1025
374
1254
-1117
783
-1539
456
-26
1940
-434
5
1261
294
-728
1607
867
6
-172
23
617
485
1043
148
-138
838
970
453
-346
283
241
1062
-670
-194
-984
1421
200
-1425
528
531
918
84
778
-374
314
866
385
1213
-1180
-1509
-2281
-492
-486
1033
-232
620
938
290
-943
-1900
-655
743
-2218
-799
1185
1187
-1389
-232
-650
87
-1930
-2171
442
747
1445
10
227
-695
-344
-1019
-88
-510
-1538
-1381
46
88
-700
-602
-355
-1124
-3247
498
921
-62
-822
431
155
1218
2828
-1129
-851
937
-727
-1793
-657
-543
-3022
-197
889
3859
929
-190
1420
-1074
-853
283
-594
-412
1059
-438
880
-287
-1193
2572
-1481
1462
-1366
1684
-705
1133
344
-750
-562
-306
158
-586
-898
430
431
2269
2000
2225
-1611
188
-1023
-1518
-1425
109
809
1154
-695
-2564
-3019
966
160
1368
-869
819
15
-1805
-1726
509
-188
-618
-1407
482
200
-497
49
-89
1533
2424
-2080
146
1894
1939
-1574
2654
576
73
-1209
-811
912
883
1349
-704
-184
-1060
-678
1159
1942
-1658
2005
-18
805
-758
-473
28
-1050
1981
467
61
-1744
-2202
-1042
1566
-1034
156
987
132
1755
-1098
685
-1618
178
-1005
108
-1148
1639
-1806
-190
-1822
-878
218
1570
701
190
13
-103
-235
-898
1799
-701
288
520
-956
-1534
101
-613
-214
82
-1725
-111
-693
-2154
1633
640
1634
105
766
689
-2186
1195
288
-671
-380
-628
-594
2805
-450
201
178
909
-881
257
805
1378
2351
1461
-1062
-611
-1173
381
-630
571
-1411
-1066
-71
-257
36
-267
575
-1238
-2240
1529
-1186
-47
-526
3728
-387
1506
-1281
-8
2025
-1232
-156
233
1154
-457
-950
-819
-464
73
859
1161
-920
932
-698
822
9
-1307
-400
-152
2390
1322
-210
-38
-393
-1636
-1546
-1082
1008
-1394
-3308
-629
-849
-2267
-912
-1875
-1744
1142
-1083
-1212
-918
19
2282
-2015
-365
-2657
-1102
-576
-2811
-2203
-1266
1194
733
-320
-661
777
-2268
1363
709
1637
1229
905
-457
1136
300
-267
440
-1593
1378
2221
969
770
-943
997
-1543
333
-498
733
-573
-465
327
-222
-2650
1109
12
-678
271
523
-994
2297
-362
-1207
1166
2355
-562
564
1215
-150
866
359
-341
1288
236
-803
708
-2035
64
1396
1588
225
-1715
112
-1798
-1318
-590
789
455
1540
2748
293
610
186
597
-1049
-504
-1553
-348
-10
-1340
-879
369
118
-446
385
-1167
-1830
1118
-388
703
1385
72
745
-1100
60
1261
-424
-467
1300
-1551
1239
1861
549
2557
380
1075
-465
-858
631
1736
-2835
-892
-480
-254
-59
-2762
864
-914
-141
-1003
584
909
1831
-202
361
-2150
-287
349
-2752
1091
363
-840
-3074
589
-509
-927
283
2360
-753
2086
-249
-242
214
1347
-2471
-21
-800
-585
-242
2435
159
-130
408
-1304
1410
-1461
971
-510
1573
128
-456
150
-1079
161
968
-752
442
105
636
-171
2037
1278
-1736
-284
-586
-573
-2922
1566
475
-1183
2057
103
1176
-1149
405
323
75
-366
-1021
-175
-1099
999
-235
-493
-1737
415
-112
1430
341
-1724
-2528
-170
2023
773
-897
20
-535
-1817
425
-803
-2238
-1479
1250
788
1269
241
-154
-36
1254
-1273
1865
304
1378
-629
2319
813
1775
-1804
185
72
16
-2324
-1463
2310
314
-455
2413
-2086
505
894
1019
-998
569
1008
1517
-82
-1207
-874
152
217
142
1409
831
956
1350
431
776
-1585
-57
870
-1372
2680
11
811
-353
-2729
320
-551
-1693
711
49
-289
564
1295
-1868
500
-1160
821
781
853
701
284
-1248
891
-617
-724
3149
-1185
205
536
1036
1240
-1562
-304
-3053
-482
1216
893
-2025
-322
-2063
-514
-29
-161
-1823
-304
-178
-2008
-505
976
610
-480
1019
-378
465
-435
-774
-21
-1740
-310
1093
1055
-280
-1407
151
987
369
608
-124
494
1213
186
2700
-1252
-1326
-1488
1763
-1231
-450
-20
-1112
-1076
-703
331
-204
1080
-1152
-1848
95
-857
-1194
-959
-346
-836
-1570
1573
-569
-1095
1077
-1491
434
-1176
-422
544
-1071
-628
-194
-793
-462
-714
-498
-777
-1920
2010
1482
292
-853
987
-1272
-116
-159
972
-485
184
-1525
784
-318
-2577
53
-147
533
928
-2184
-77
1260
148
-227
-135
-410
-453
1230
-598
-114
1119
1722
858
1479
-2154
649
-628
-2039
427
698
-426
-197
-362
-969
489
-764
128
-1415
-3666
-17
1149
135
1737
1307
2232
-635
-2062
796
908
651
196
1593
-2187
371
-835
-1437
933
-144
398
904
-24
1346
-2541
928
-1375
500
1282
-1165
-2102
1651
111
2407
809
1393
202
-978
-1625
-1266
1327
313
-1028
-1841
65
-2018
-1069
-934
381
758
506
1958
3
590
-65
271
-164
1388
-523
-291
495
794
917
721
-771
1175
-149
-582
1
-501
-663
-762
-136
671
-697
190
-551
-304
294
-1986
510
-407
708
307
-2280
972
1906
-2058
-1301
796
-1095
1499
1260
248
-284
1597
-640
-523
-1498
-1164
2272
-1550
521
613
962
1738
-2134
-195
-1175
-224
-962
-586
-332
787
869
401
848
-42
1109
-392
1647
348
1557
529
726
-121
-248
87
552
2687
-461
1944
-404
-1911
289
1464
1164
795
876
-963
263
443
172
1820
-1773
811
1021
240
-1178
1289
2647
1075
-646
-401
-1182
-923
955
-1288
-2226
-1150
1839
-1012
836
2340
-1666
-901
-2429
458
-2574
907
261
-946
175
292
-482
1168
889
1703
193
398
-1938
-423
-1889
-439
-1550
-2975
1038
2052
-700
-721
-1245
998
118
-439
-2112
690
-1148
974
-2013
710
204
1090
722
1209
-184
1174
738
-1425
-1944
1535
-166
-2621
-313
1509
1485
811
-744
-2474
-447
-1112
616
-1142
1131
1895
1256
-1663
-111
177
868
-1436
-2107
1419
-2065
-585
-1802
99
1334
-84
1057
-245
-829
1565
785
455
-621
-1078
852
-1880
1512
-1119
-873
-2262
-650
1100
1739
121
-195
-146
-611
-842
37
-299
-788
-79
1209
1596
-719
-993
1047
-1662
1250
-879
-1410
1190
950
3653
-516
-228
2048
-26
-1192
-2086
1287
-346
-268
-863
-1757
-401
380
1042
2771
-162
-1467
23
-30
1502
2665
572
1606
882
-1468
584
-54
866
-67
896
-876
457
187
57
-216
1156
-2151
-1369
2075
-878
74
-111
1151
1836
299
274
-2734
-1291
-900
1377
1166
919
574
-1286
1091
125
-2709
1749
-821
109
-1071
-356
2301
-155
-1361
-416
-1512
148
1921
670
155
601
-1862
-1050
-513
-328
-301
486
693
-529
-992
-1914
-673
-657
727
-928
-315
556
398
1391
-486
1192
-851
1268
-1867
-133
1265
2194
-205
1955
1380
-134
-1369
1473
-10
31
3281
-114
-454
251
2226
-1258
-479
93
437
-1094
-1657
-145
-927
-158
445
-1741
1821
135
1199
-901
749
-1179
-359
1030
30
793
1746
2371
-1360
-1206
1424
1130
-280
180
-112
693
-1566
660
-717
1604
2131
-876
2647
403
2622
-357
-871
-505
-637
-1991
-320
1749
299
-11
-1465
-1127
-584
42
49
-42
479
1113
412
-1430
827
-1943
243
-1182
-128
844
-622
-734
-314
-1601
906
-802
695
342
-130
-987
187
1031
-31
-362
138
1932
-254
-1475
711
628
-969
-253
-923
1326
324
1395
-850
410
-402
1665
-1524
846
-899
1103
357
835
711
1549
-1013
798
199
-53
-789
-373
1882
-660
-482
-326
1400
505
-852
119
152
-1046
963
-533
82
432
-69
-1085
-1119
483
404
145
1374
-344
1929
583
1074
210
1746
-1432
-217
-254
317
241
-358
3300
-474
920
452
-424
301
298
-970
-368
18
-1832
1228
802
82
-2693
604
1656
954
1957
339
172
-2942
-140
1441
-2764
-816
1906
228
-2611
409
595
-51
-1269
-2494
2096
-461
77
-2272
-1391
2742
-536
-1577
97
579
421
-2865
959
-836
1340
446
2496
1342
-519
1242
-1128
674
-2137
1095
-660
-200
2060
-942
2263
629
-1856
-376
-1855
-301
-153
-1308
-574
750
-1019
848
1164
-3053
-80
3749
1298
339
471
-1504
183
-187
1514
-2098
-199
6
-694
-344
-384
-867
-158
1236
-951
-955
-70
1355
807
-3837
-1209
148
-70
1371
944
-639
697
-775
-1061
908
-1176
2056
76
-1172
-1039
1774
12
1320
-1566
-215
-693
482
-1875
-624
-1636
-484
-44
681
-164
-1318
-1759
-370
-1197
-470
-251
-99
915
-1410
-1009
65
690
843
-149
932
-1004
857
38
-1563
4525
1138
2007
889
-18
-325
473
178
-573
585
171
-535
668
472
502
-1527
-1215
776
-96
-1848
-1907
-1676
491
-656
-837
686
-622
1031
406
2089
-1323
-1422
785
-1797
1205
-497
-1666
-507
-1368
2087
-381
-416
-1354
-84
-978
771
242
-344
-855
-52
1336
109
665
218
-141
315
-1043
2630
-1452
-90
-25
-470
735
317
-1330
-253
2262
-405
-1114
1446
-617
-771
605
774
1632
1201
787
232
-324
1818
241
994
-944
-1051
-723
-847
48
702
347
2010
-941
-462
598
-1137
-1295
279
255
260
1580
917
-922
-974
757
-63
1243
-756
2760
1954
142
-668
591
103
456
-189
1682
-2062
-314
326
287
1437
-1305
1458
-375
-758
-283
-235
1469
-326
2014
1147
-114
-1353
319
-666
1040
-743
-588
-831
1231
-1846
4033
362
-1110
43
690
-1112
312
-2653
148
-351
-1523
329
1355
-628
1396
-576
493
522
-1001
-70
-755
1074
-84
2302
-33
-1212
-1246
-770
1479
381
338
-1616
-965
-713
179
682
-1555
-681
-336
1411
-1335
-840
-1104
1698
-2143
717
-1083
-1245
416
-108
1398
-771
440
-63
-1644
500
-979
-2469
1163
1576
-394
1031
-1983
-1821
2200
-1158
142
493
-236
1043
352
2348
-1140
366
669
1479
-85
-187
-411
-458
-1718
998
350
880
373
1911
-268
145
1127
-754
2478
676
-2026
1087
873
2764
1334
-204
1706
55
-1126
1337
-2941
1387
440
-997
1693
-2065
-635
45
1876
1290
540
-303
-1483
-1605
-1802
-3623
-613
-727
-1237
-1012
-1807
-1771
2015
-1606
-203
1339
-565
1806
31
-883
-1410
575
504
1148
856
1490
1023
1652
34
122
2301
-1507
1240
247
-325
905
1230
-733
-1529
-1595
1984
-683
413
-65
1542
804
-1586
-477
-1298
-442
-2813
-788
102
1762
-234
-491
-406
-543
827
-17
-462
-1145
1220
-285
-95
-1583
693
722
858
-1158
-31
89
-1330
-2680
1664
1450
1188
-129
9
-350
-880
554
-28
-1193
-117
-124
445
-825
-4944
-1661
1845
-226
-116
1963
-1205
-16
210
1044
1390
1513
-1007
-16
879
1218
1260
813
-689
758
1402
911
790
-243
-635
725
-543
131
2149
-768
-330
-397
-1694
2146
1907
-1178
-1144
2143
64
729
386
-443
2191
-2713
-367
49
-276
651
810
-1262
2703
-520
1818
307
908
-60
1513
-265
-2265
829
-1131
-1902
-189
-1770
905
1046
31
187
1313
-1847
85
-1160
2767
485
1087
-547
1688
1816
-1189
1006
-400
880
11
210
1597
143
583
348
-1322
2108
1898
-1561
1111
2049
2387
-564
-872
-523
2170
-348
1330
-986
-925
816
933
-1056
2306
-769
-76
-1684
423
-360
752
334
-2768
239
1470
940
715
-428
-136
-371
-45
-534
-117
-575
594
-1529
-2060
-1078
627
428
-1876
-444
477
-192
-335
-1020
1292
-253
1284
129
2142
-2844
1916
1820
-41
726
1486
-160
-329
789
-113
251
366
-1864
-68
-470
2637
-2519
1433
-692
-697
-1262
-360
-888
59
238
1995
3117
-71
-1519
-851
1976
662
1914
-655
-245
2423
367
139
1410
2203
629
1246
1305
1979
-3059
-1448
160
743
-234
-294
1453
431
-834
1039
-1310
31
136
563
-597
173
90
2100
462
-693
943
26
507
527
611
251
499
-1635
-584
497
1782
-1783
3075
686
-225
149
-1381
32
1193
-1772
580
451
59
-1612
-506
129
-973
1560
-2770
1901
-1088
582
581
-2823
246
-349
1507
2399
-306
942
-68
133
105
423
1263
382
-585
-217
509
1842
-207
862
240
-1367
2166
-1027
2735
401
-493
-2073
128
-268
-890
135
210
-839
-1055
2009
-1368
1227
-1068
474
-330
-1475
-1117
1153
-5
109
184
279
-1037
-547
293
362
666
1749
2793
2408
-1324
540
1330
1992
-283
1100
-705
-658
-940
-191
-136
-37
-1601
-236
825
1170
1082
-1188
-457
2070
-61
-359
-276
2935
448
-743
-141
-1248
-1135
2110
-1197
-47
183
859
1134
-769
-422
-924
-96
-1323
-591
-1279
-1711
-1900
-411
1109
-894
662
421
-13
-1468
-147
-599
-1974
384
-856
260
-1875
873
4403
683
-480
-628
1567
1712
-1071
402
-1523
-1987
775
-350
-62
-1967
738
1918
-764
-339
791
806
-121
1777
-438
-106
500
1435
-204
-1326
1307
502
-1834
1986
868
2452
-283
-2066
-103
-1442
-835
1124
1142
465
-1591
-768
860
1719
425
-966
359
744
955
-1181
-1669
-251
-1739
340
-1557
1254
705
-261
190
748
-102
-504
1208
1574
-2417
568
-583
825
-1223
-1150
213
1233
-298
-1658
-1113
-804
1240
585
902
978
1684
-33
-504
-144
-1077
-1528
-337
-997
-910
-510
536
-197
1370
144
-3008
1886
1075
-1738
752
797
83
300
239
1737
-856
605
774
-1228
-145
-2827
-604
-1793
-5
344
1271
974
423
-541
2111
537
-1090
1097
-517
1492
-462
1195
-949
979
1370
-112
-983
-562
369
1400
-981
-1195
266
169
174
1281
599
1180
1359
279
339
-538
-578
-1208
238
1689
1300
589
-1096
1298
-1032
-1472
-278
-1331
-566
2169
1102
-818
-489
-653
-1265
847
105
450
1245
404
1118
430
471
1305
73
-1285
-681
-399
-973
-817
601
370
-655
-1678
242
-413
-1702
346
1800
-1789
-779
-1171
-2542
1681
349
325
-172
-219
-1408
-1514
-1871
180
-725
-847
-729
-657
968
190
131
-1793
-806
447
1281
826
-1023
-574
-1472
1580
-215
2496
1380
163
-1988
-800
-1608
305
-88
1433
-1547
117
454
-2529
1056
597
2213
-661
1494
-307
3323
510
-37
519
134
64
-293
-477
486
-2260
-124
-380
874
1948
-1553
-292
1700
-334
-29
164
1660
513
554
471
2069
402
551
220
-1424
-268
404
-637
1521
1132
-227
740
239
-1348
-906
622
-1187
229
-710
-566
1406
-755
-911
327
7
-1239
-3573
56
-756
-343
418
1243
369
-716
-443
-842
4
577
993
152
610
-1569
362
2237
1322
-887
890
97
1254
-1893
640
-960
-145
645
1943
132
-137
334
-126
-617
-24
-1397
646
-717
-370
763
1748
1034
707
1495
799
-2990
-1295
-1472
1062
549
-1899
2158
-1131
867
-814
208
-1120
-137
-514
1551
52
776
1201
386
-1014
-1124
-895
-915
218
1782
961
1382
-1150
-11
-735
-1445
-660
276
-188
44
-1668
-1447
-978
1415
-1006
449
-308
-2649
-906
407
-583
-1085
741
1402
-290
-2498
196
-32
715
2916
1990
-235
-420
2939
-84
-1976
237
-235
-574
-385
1624
886
355
-769
484
-295
19
1426
576
-875
-1044
-1126
952
-520
1769
-1750
490
369
-77
-2033
868
702
-2217
487
-592
666
-1166
1457
488
-469
1447
51
919
397
788
-211
828
-402
-811
-178
78
1505
-236
-451
-48
-1841
-230
1503
-1258
-141
-598
-51
882
261
1402
-378
-198
-285
-431
899
-375
1375
-34
-925
1158
306
182
-505
-450
1023
-1668
793
-1279
457
-433
-1080
-47
-873
-937
-1199
-128
601
-108
705
-378
823
-1777
1446
235
-1732
272
-369
723
2687
-1240
1474
496
-885
-805
-1896
429
-1321
-621
92
83
-821
1083
-5
1435
-195
1627
1606
-1177
224
1062
944
1478
-301
-782
-1558
-2785
1460
647
63
-1921
-563
1171
735
-426
-1758
-1048
-1068
330
287
874
145
473
-1056
-989
1305
-1195
469
-2821
-250
379
338
-936
867
1549
1081
-1478
1346
972
334
2028
516
-482
-423
-713
640
-588
-1497
174
-1087
2724
-211
482
-56
1257
1543
859
11
-697
-713
-378
-104
1034
306
-289
-180
1934
-609
-632
-1512
-1300
899
615
2223
1513
447
2349
1936
1692
-1428
-88
-1605
728
-535
-455
659
711
-1244
-970
-1131
-1909
-952
-874
1049
1024
1293
1487
196
-1430
551
-802
-765
2296
-94
-732
-673
-995
-1473
-2610
635
844
157
