-17156
-241
-4698
4578
-12706
16600
2227
-11175
8722
8242
26925
-11698
-17952
-15107
-26608
-28508
26082
-10336
30039
16275
26869
15007
-15534
11015
-22398
2926
-20294
-25188
16069
12650
6389
23910
1726
-32210
-3774
-22134
30806
16902
6612
24408
-5057
-30781
-30198
-20877
7716
-13675
-29063
-32162
-31620
-24225
-28642
-30452
-11090
31249
-25752
32003
-13606
-12178
-25006
6739
3070
10962
5233
-6870
-17997
-7040
-26614
-22201
3652
-29725
-28921
22802
6247
23610
-5364
-19580
27988
6520
-19595
-10328
26730
21831
-12213
-21244
20290
-7062
19779
-14436
29006
2877
2996
11968
6629
-22385
-25982
11676
-5161
26002
-21753
5227
-659
-19912
23045
-28282
-13313
5260
17293
2319
-8727
4756
6351
4737
-21998
-17111
12037
713
7134
-23761
15941
10822
-13647
-19445
18265
11631
-17454
22596
22412
-24770
17892
-14478
-24197
-15289
27858
25163
8656
9641
-13011
-26593
-14557
23202
-4591
-25007
-11368
12260
-28536
324
-4174
5033
21343
-10905
9478
28034
-15738
3960
-18446
18666
-22318
19228
-26815
31105
15190
1693
-10011
8220
30005
6887
31388
14202
-17702
-2350
23958
-28729
-25669
-7026
13325
24521
18849
24670
-10260
21224
7268
18324
16730
-17721
14610
26280
5222
19380
13231
-21064
31866
-29979
16991
4631
-13053
-10954
22802
-7095
7645
-23060
17574
8455
-9481
-31749
-25454
1194
-584
-17116
8692
-6215
26505
-10805
-7353
11190
-27563
21631
15192
-16580
-25629
20561
-32007
-32719
14689
-5936
3055
-31905
20424
-28976
-17248
2091
8768
-15125
25332
-24676
14214
-16705
-27140
-12923
-24750
1502
-17202
11017
4262
2955
-28133
-11959
6205
19999
15124
-27832
19911
31036
-14100
19999
18253
-22602
-17485
22118
-16016
-20953
-8754
-13880
13234
5476
-28962
19427
-14387
11150
21784
30064
27347
21222
19505
-886
28559
30054
-14160
23867
-1887
17422
18110
-30365
8634
-22285
31627
-6497
-24872
-27908
8205
-24150
18527
627
-13233
7632
-13478
-701
-1481
1973
29825
-11804
1738
21059
-12934
-12251
-14098
9449
-32041
24210
5269
-32247
-13756
5043
16779
11422
16275
14818
-29545
5177
-4141
-6904
-5593
19987
2378
-32531
-24178
25207
26519
32613
-14444
30047
-3418
-29392
28584
-28338
-30800
29814
10876
7002
-7361
-27580
10516
14230
-15578
-27792
7020
-23413
14189
-18811
-24191
21760
-9905
-198
-6690
-12522
24339
-833
-18256
5993
-15346
-3151
16962
-20560
-1173
-15135
9227
-4267
-6875
-17982
-24799
-17018
-1070
7587
5939
29523
-3451
19102
2317
27948
14747
-28350
19326
-28035
8599
8688
12747
-9580
4832
-8424
-6503
-27185
4499
-16642
5711
488
-31672
9314
-16378
28835
-2875
21722
-15406
1936
16847
-3104
-31310
-8153
30936
10653
-17447
3854
20143
-9084
16259
-9807
-4552
9347
30538
8436
-27630
-8415
-19989
-14265
11843
2851
-30590
-24621
-2330
21277
8032
6397
-16203
-4707
-9146
-13279
27830
-17889
-5876
-27024
-16422
16832
-26127
-10448
-28810
688
-29124
4895
-1040
11591
8815
1305
12349
-17922
-29954
-7434
-8848
32503
-20903
23977
26929
-21386
-27219
-23646
-31146
-10535
2796
27727
-20926
30079
-17539
-11252
-19851
32089
-2505
-28913
23795
32296
-9205
-17721
-10558
27021
-26103
21596
19264
-5426
999
7030
-90
-2485
-23019
26667
-10923
-2103
9769
15176
-4538
-14754
-30471
-28736
-5534
17701
-19207
-19368
-2856
22455
18502
13473
-26509
-28338
-26342
-26594
4583
-14939
30622
-358
-26834
25260
2175
24801
-13647
14821
-12623
-880
20908
8305
-17440
12843
17503
-29450
-8625
-9088
-4276
6695
815
-6105
7275
-27355
25723
-19869
-9362
-397
14659
30231
32730
-23342
-16513
-12764
19535
16565
5715
5067
408
-18540
-28
8328
18650
-4662
24968
-17922
-20548
-12695
6550
-20698
-21138
28571
-32365
28108
-6184
-1309
-19477
-26815
-20570
-16399
27689
-9428
27215
-26277
6312
8137
24886
-30210
29868
-16828
11423
14868
-15839
23110
-20037
-17629
31136
-25618
27301
-18055
2097
-11584
28524
662
-3769
18712
30457
1847
27743
-12630
-14576
-16360
21794
-16062
-13769
7296
1244
-25892
-15701
-7792
27796
-13354
-11962
-24276
-31083
26741
18269
12234
-2464
-3931
-1359
-16411
28221
14551
4658
-30169
12594
15186
-32013
-22176
-14226
22662
13282
-28361
-15549
19907
32695
18049
6295
-5858
-29779
16506
-32560
16776
-21947
-26220
-8405
-1475
-16099
-2288
-28235
-10164
26788
20071
16020
-20104
15582
28496
30198
31553
-27114
-1643
16215
319
-24433
9618
26967
-30309
-30143
-31081
13072
28375
15738
-21046
-23079
30178
-8301
21761
-18804
26430
2688
30775
1358
12933
30855
-31557
-11570
-23778
-26415
-31452
-32267
27942
17402
-3827
-17113
6579
-30784
-30856
5616
6432
16495
23280
-18884
713
-2156
-2434
31211
-14107
15971
16942
-30696
26523
31573
-29048
17047
22128
-7778
-4724
9014
-15669
2462
-16229
-8896
23233
24947
8696
-9576
12096
27739
-28382
-5290
-3016
-30678
2244
-16696
-22991
-20562
26006
32002
23558
28966
-15160
-26641
-13327
4005
16698
-21832
-13653
-31134
13963
-288
-13320
-6879
-3914
3502
11084
15501
28550
5417
-15422
4491
-23345
-26742
7735
3717
21565
23583
15553
27066
31763
18639
-13754
14216
-4744
10985
13650
-24657
31631
18061
-696
-21362
-6040
17297
14491
11109
30320
-12587
7035
-11120
-14877
1813
1418
-19793
25784
-29619
24053
32734
14468
-14225
17589
28651
-22291
-14141
-8174
-24978
12774
-16733
-12968
6127
-15169
-324
-1061
13592
7875
5587
-1748
-16705
-829
18940
30080
4607
-11727
-24752
-30865
15197
27413
14105
-2620
-16438
-24639
-24427
-28994
-30034
275
29187
21339
14328
9401
16744
-499
-20186
-2055
-11366
11124
-11210
16451
6374
11410
-25678
12443
20017
18699
-353
-17774
22918
-1863
32628
536
14635
23403
8467
6925
7217
-2559
14499
-2182
31612
31632
21384
11664
19020
10750
10307
-915
5437
159
18768
-18808
-22839
-10177
4356
30953
-30663
9030
-663
-10715
30249
-8907
29447
-9236
-24712
-4037
-25140
-25971
17827
6187
-6474
5388
5584
2458
13754
16645
20760
25652
-2432
32070
-25732
-18589
-26858
-22999
2096
-24556
-2116
-20836
-17774
-14633
663
25857
12896
17701
25191
-13639
6824
-18188
3893
9555
12800
3426
10239
-20300
-23713
-16421
20579
-26444
-6571
10291
-30393
-24143
-546
2879
15207
-22851
-21352
32370
-5359
-11118
-2694
-7202
-13408
18497
16
-31405
10782
30883
14127
5589
26071
-28293
14621
8260
-4640
-22701
-4032
10799
31383
27433
-5311
4602
31295
-15158
-13389
-4295
26474
31446
25132
31806
-32639
-12366
-12565
-12294
5938
-17930
-16933
-4365
28406
8146
-27339
31392
-7819
15374
11656
-31246
-16404
5065
27212
22007
10405
-23555
-13858
-27131
-14504
11698
-15361
17861
14204
-14326
-29214
26831
32700
7895
-25957
15940
-8899
1320
-4327
-30780
-10763
16990
8343
9870
18690
-16095
-27504
5628
-3081
1782
22810
-30194
-23528
-25675
-21274
-18103
2731
-14455
3458
-26399
-5320
-12580
25434
-28161
6842
-27934
-24070
-2218
-30999
15846
-3098
-15880
15447
25185
18684
-9133
8893
-19530
-8648
639
-6638
16304
5622
-320
17331
-12325
-18482
-14021
-19811
-9887
28350
-11782
7535
8916
7425
31767
9636
1697
23602
-28352
9878
-1737
16662
13378
-4195
-17932
14782
-26081
-5094
21970
-25274
-28663
12421
-7474
17386
-27166
-23680
-25868
16073
5066
14787
-16817
-31249
-3583
-966
25207
13302
-26125
20197
5868
-22986
10124
-20498
1303
-26563
20945
-6787
-3293
4598
20892
20931
20603
-16583
-12892
-7202
13082
1985
-27968
-9032
-4995
-310
-24731
24311
-25245
259
-13981
-32542
-4282
-26599
1233
22307
-9583
-1376
4938
12229
8328
16288
8783
-3092
-8194
7287
-24581
26537
27562
-15282
19673
-16677
18790
16378
21021
-16936
243
21878
-7441
23884
8613
-10827
-20475
-22543
-23113
-6146
13439
18750
-26023
-22055
-23809
1083
-19579
14927
-1567
2328
12940
2002
-31270
-7947
18010
-2181
-9807
26234
-13189
-17192
581
662
6608
31031
32204
9231
12833
31083
15688
-22225
-27325
-22272
-18624
-19881
-30455
4599
-11606
5281
-30975
-32754
12581
25457
13526
7762
8027
18437
3711
-22922
12967
-25090
-22247
30801
23283
-29719
13702
-20174
-4127
-28980
-22053
6486
17
12186
-18341
32556
-5682
-9791
31585
-10532
970
2441
31979
13655
-8898
-13918
-32547
32256
23583
13950
14600
22953
-16195
32469
-13823
-12764
21861
-26629
-14457
-29376
20866
-25274
4043
-11685
14006
-28296
-21391
25941
-20633
-1770
-24535
6677
-19107
-31550
18487
-7313
-30782
-15736
-18277
20641
-18625
-29379
14819
3144
20324
-20292
-12302
-19523
-7083
-1480
28728
7676
2956
-21631
20211
-5863
-30957
2106
27115
-6907
10685
29732
14353
-19718
15313
22862
9421
-20405
-6458
-12984
15881
949
-4278
-21419
15354
25653
-15206
-24165
-13918
-4019
-21518
21319
-19189
11457
-28846
-22084
28232
495
-18827
-5988
-970
20090
28936
4350
19924
26256
31008
-15493
-28781
-26978
-27426
-26306
-5342
-32647
-16809
-21732
-9934
-5608
-10039
-16992
-5178
21695
-17938
18701
-18341
29599
3742
21615
18623
22776
25004
-9586
14768
-3905
19445
12265
28197
8105
-27464
-24380
-409
-25125
-14058
15871
-13869
25566
-28175
-28637
-11671
16715
-12577
-22733
18701
-3138
15732
-16726
-3700
-10904
13250
27733
17733
-1522
-19190
4411
31674
20873
-6224
876
24497
9925
-19588
-22552
-26580
4653
3830
29540
-13303
13986
17181
-30412
-14466
24557
11331
28404
-30167
22952
16176
3187
-6920
-27230
-9851
-4512
3782
-1859
9292
-31980
22191
25944
-28708
-14263
-9436
23079
-20521
-24353
-4937
-17280
-375
-13953
-31825
-23246
-12695
9047
-4280
-14632
28892
-13366
-23109
-15198
22851
14340
-9223
-28523
-15576
19385
19497
-22442
8892
8629
20964
-14494
26266
-645
17183
26059
-11862
-25378
-21279
6772
-2996
-8042
-9559
-18504
3022
-32043
-12386
-18020
-12530
21191
-26517
23679
28494
11310
-25374
29506
21609
-24109
22610
-11294
-9447
4617
-24656
-3692
7312
-25537
23626
-1171
-31147
11861
25209
-27024
-14018
-24266
-13607
2587
26317
-25816
-2737
30342
-7250
-20660
7382
27357
26220
-3838
8959
-3217
18824
-3509
-1501
-2520
-6245
-7125
-10916
29852
-22316
20484
1345
2685
6316
-24330
10321
-16502
-29991
29727
5659
1028
-27039
26379
-21463
28328
28182
-9499
25501
-27888
-8903
-7224
22177
1934
28474
23303
7280
29097
2552
-13452
-23753
12265
250
-20859
-4448
-1999
26892
12706
25136
-32354
13070
31319
-436
4304
21751
8315
-18699
32199
2080
21858
-13479
2591
-7229
-4345
-15087
7898
23220
20008
-31207
-14167
-7319
-10631
-29563
-30306
-12006
28581
21241
-10380
-23225
18052
29917
23869
24661
-15078
-706
-10338
6281
30890
1909
8807
-8678
23763
-26470
-12577
-19554
-15739
22668
22853
8612
-13815
-28182
-10982
-21353
9996
-24694
-22886
13245
-23144
-20763
-24337
164
-22787
32281
-24639
3482
-29219
31937
29504
-13695
-12278
30317
-18998
26316
9597
-21008
-7728
26578
2876
4183
-16511
4663
-28355
-6475
181
-4688
10814
11651
-23939
27122
-2885
30954
27398
27635
-19545
3235
-25811
19012
28242
-29014
-21932
32707
28224
31641
-23578
7045
4579
17384
32054
-19217
-21650
-18257
31472
27410
25235
12101
31982
13912
-12199
-32078
-14432
-27839
-13389
-9829
-24096
19834
-24997
-10187
-8627
-3524
-26509
-23367
10015
12476
-17859
-6731
-23690
12294
-5435
-24304
19732
-24335
-3445
-23865
3522
4956
12578
-11675
31474
-10823
-15137
-25019
-14566
26020
-25763
25462
16209
14584
-24017
31103
27813
26079
3683
18613
-20553
29000
29212
-28048
-4627
19088
5917
-11803
-22746
15194
-10934
23762
-29994
21170
23600
-21804
25516
-28053
-22892
-5518
-3909
-6748
3793
-13562
762
-22608
15218
8763
-2438
16910
-9584
-11163
24028
10439
-7354
9851
30586
15328
-11226
24809
-15651
21800
9622
27141
-12855
-30412
-6331
-16558
4034
25226
16243
-2967
27408
7732
17255
-24893
-21969
-20394
24500
21777
4290
6179
18330
10624
-10470
18960
8783
-14968
9996
-18639
27981
3739
-3728
14548
-13663
-1395
-19721
-6286
-19934
-1382
-106
9136
-17218
9299
27494
-10033
176
-216
10236
-16605
-19008
-25167
27961
9713
6246
27075
-31572
-29829
17171
-13764
3656
2609
29768
-30348
-10802
25167
-1845
-23668
20340
9859
-20284
-7322
-27834
21231
-6430
30040
28097
21859
-3975
22187
-8907
19911
-12908
18616
4694
3531
-16368
-20763
-13426
7890
-28504
32314
-24172
-10984
-1791
9697
-25438
14091
27065
5926
10521
16376
9062
21604
17064
-15144
22932
11676
27874
612
-10550
4546
-12194
-25738
22643
7119
-27832
-29055
-26131
-15726
17529
26985
-15016
-11733
-4085
-15730
-15970
-27044
13392
-16907
-27570
-9088
28272
9692
-12669
13386
-10917
23920
-17465
-27074
6728
13497
-13846
22231
-6721
25809
24798
3473
18423
15189
8593
-10630
-3100
-17399
17072
5537
-9331
16314
-32126
-23734
-31485
22383
-7010
1969
11973
31414
12998
11711
-25941
-14266
-2147
-19627
5675
-8245
27223
-16806
5974
-25592
-32114
-614
-31468
13332
10961
15428
-32259
2802
18813
-20674
20653
13382
5707
-7402
-22381
30052
-3068
-3627
-28127
18826
-15066
26475
-24153
12372
29310
-1031
10114
19832
6869
2730
-21274
8372
8816
27770
-11267
-8961
6583
7578
29357
-23062
12735
-11119
32452
-17839
-18982
29219
8860
21299
-16109
-3844
4416
-16934
9925
15347
-3815
-2014
17680
4670
29694
-10715
14425
-8145
29665
30712
-22850
13258
10963
-26928
6796
13339
23969
-4053
-23878
16939
4065
-10635
12351
-21802
6264
-21065
-6247
4149
-21079
-9316
23822
-3594
-16503
29092
29486
31538
-18417
-26456
21016
32066
-2173
-31631
-20768
15892
9335
30399
22995
-32410
9789
6253
-13597
-3170
24781
12234
8916
-8826
-30404
31556
-10079
-14446
10638
14153
2468
29706
-21704
-27048
9203
22242
32472
12885
24966
29251
-18247
15916
19325
16099
14463
-375
15438
1806
13214
-12053
-26632
-9362
-18156
-14359
12582
2187
-31311
-23626
4720
-19434
16364
-21031
-23963
2254
-3549
-16597
-9804
6228
23110
30469
592
22917
26159
27330
13952
27323
-3262
-11173
-26885
32430
-22363
1871
-4376
-25823
-32012
-19744
15616
-28608
26723
-18345
22668
20418
-9098
7350
-22167
2769
-22009
23691
-22013
15752
6904
10501
-21921
-28834
5203
21824
2823
12064
11724
31455
-6387
4567
-25627
-25396
-7193
15158
-31889
-12486
-24979
-2323
3487
-21515
-5194
-22113
21397
6607
-6904
-24411
-1961
-20884
30123
1920
2124
-20193
-7722
-5610
30022
-31182
32110
-5487
17901
2374
-30210
4630
20401
7685
-3489
-7377
4671
32255
23463
-27420
2916
-29992
-15900
7583
-25988
-21619
-26667
29903
19014
31786
8380
12853
6235
-10601
31510
29178
4332
31638
-27822
-23420
22061
-7374
-2694
-20236
27167
31523
13559
-28287
20959
23225
24887
20584
-5773
12993
-16818
3264
32519
205
-18275
28125
-29497
-13134
-13702
-21343
10234
30512
-13628
6483
31968
24823
-9342
-14993
28113
28865
-4240
-18443
11513
-16438
-25191
-11361
26498
-3225
-17961
21955
22851
2806
-5784
-27403
-8220
10485
10858
26193
25723
-24995
1378
20656
12988
16172
-8270
29792
-27521
-14511
-23022
-12601
-14115
-10600
-14839
16537
-21047
-13551
11611
32251
-19687
-32638
-14726
-12491
28175
-17359
-22303
18729
-7062
-13344
-2937
-6997
26065
-24825
3896
-25767
-29967
24899
-17672
29026
-20263
23832
15436
4853
2053
-21044
-30808
27745
3533
1938
11424
25606
1866
-25340
30292
-25353
-11060
-5977
-2141
-5808
13492
-7710
31343
-11421
19687
-7162
2291
25727
4508
20141
-30745
4242
-7999
-22965
6334
28008
26824
-17422
15084
7366
-19956
9061
25342
4134
-7804
-415
32472
3392
3108
-7153
-25130
6729
12701
27598
-19478
14575
13723
-24015
11977
-26863
28295
28443
-11253
7205
8387
-19370
7978
-1402
-676
-21731
5813
-21698
31547
-14309
20298
31677
-24091
11402
-27725
-27574
-25465
27542
26841
7679
11445
11001
25831
-4150
-11382
-6701
4142
-5910
18485
-10050
-14544
-8111
-27858
-8664
-11117
-12371
-6995
-15911
-17893
-24266
-548
21180
24467
-14541
-15537
14829
-24889
-31678
20502
24045
25426
-29872
-24499
22827
21926
24155
-22009
19127
-14385
-27922
31714
2108
23385
-7360
-18432
30763
-26828
-19652
-32149
-25805
25710
28699
-17893
-29734
10533
-3619
4955
31601
-1992
-15022
27322
29497
3352
1555
26473
24748
-30057
12050
17442
-19414
13203
2291
21896
-26431
-27443
-25314
-23298
-29622
-10620
-11123
-18691
-8532
11587
10588
21481
24431
-24439
-28137
-5529
16508
-24983
-29273
-7661
-2784
-27836
-2265
-2599
-27582
31843
2134
27823
1256
11427
-20009
-14370
-1045
-17918
12303
15778
-28192
19258
-31754
6022
-1975
15461
13916
-13576
-27385
20862
-29386
25471
-29967
28144
6496
-27273
30396
2083
17497
-28646
-6361
20476
17545
26166
-10443
-16541
-24729
-23470
12762
-29770
8251
27434
9676
12104
-5432
9707
-12153
478
4219
-19798
-30825
-26868
-12406
-27525
-14555
22954
25250
-31232
-29516
-25780
2174
-31893
-23268
3716
-22003
8957
13510
25450
18033
-11501
-32468
31961
3004
21640
-15762
30170
-15534
-30520
-31649
28142
-1768
27171
-8805
-11416
1119
-14881
-31754
-23893
-9845
3710
-31467
-11901
19295
24004
10834
-8863
9016
32005
20185
13208
14020
-29939
12016
-5466
25261
-27023
30612
858
4316
17264
7492
10523
-20085
21576
16647
-22515
19969
-21769
10933
4156
7211
7046
8055
-17197
-17976
9699
-25722
13867
30309
28173
13853
9729
-11480
-30237
14016
21633
7974
31561
-23911
-6803
-10320
-4607
18732
-13281
13095
4019
5967
11693
-588
-26171
-18631
10222
-20832
25439
17644
13436
23925
-27848
-25119
7875
-535
18320
-27963
17399
2393
19446
679
-27620
32054
13123
-22972
-29967
-10996
-4796
4740
6127
26433
-20802
14685
11323
19381
-15608
28613
25990
-19725
-25068
-16384
3329
21805
17900
3853
24891
24590
-5434
23668
-7671
2587
17512
9009
5460
-19727
3137
-23839
-1020
14125
-21815
-26571
11716
-8408
-4232
-21602
21217
3910
27196
-25299
29448
-24269
-17053
-2887
20506
-29525
-270
-17096
-15381
18212
154
-28068
-10241
295
5392
1891
3663
-22437
-22044
11828
4607
21839
-13097
-14942
-14577
-29663
29619
21999
28679
30364
7580
17067
24756
-152
9420
-26468
29886
29856
-10260
7935
16729
6512
12737
-3306
-18208
-13001
-14715
-19262
-18580
-20611
15749
2948
-20613
26537
28274
2732
28023
30576
-1792
-17476
-22188
-16656
-4583
-10744
-8953
6550
-7792
27302
-26844
-17718
31546
2951
16471
-20167
24226
-19257
2795
-18439
21
32583
-31935
15447
-16826
-7282
-1981
16235
22366
5046
-19732
31323
-28509
-19495
-19549
-5010
-22685
-2182
27826
-17984
-7520
-5286
-20299
463
23554
29288
-13335
5303
-10392
15622
32674
11804
16337
-16010
22177
-25363
8434
-888
-30360
-316
13335
-32360
27017
-2528
-10337
8353
2832
-32187
2019
10684
-23887
-8226
12464
5289
-12258
-26268
-4580
5052
-13488
11819
-27665
-10000
11198
30542
4739
-27587
-16218
-20172
-28636
-3541
-20176
-12069
-12842
-24157
-9287
-29708
11957
-22546
10999
15003
-1849
-30202
22571
31209
9777
4620
20805
13863
-8677
14356
14858
-31795
27604
29968
-16585
28213
19374
-30958
12948
-23771
-23518
28071
-22750
-24104
17034
9642
1040
-10995
-3482
27402
-14869
-16740
-14867
-30717
-7020
7130
-22704
-1935
5456
-22074
18771
26753
24532
-4148
20088
21885
-17094
14452
15766
22496
14331
-24912
-25864
-8784
-15362
-10532
15595
-9216
-14997
6813
-19739
-16695
-582
24160
22005
-25119
21899
-18529
23022
32322
-17762
-25895
-2601
9871
2212
22616
31470
-12864
-19401
-342
-3782
-21735
-20831
-30266
-28565
11879
-17983
1540
11362
26472
8923
3538
27684
-7313
-25743
-14068
25149
2121
-22789
21791
-8778
-19602
-11066
15613
-30098
-23481
-17235
26527
-18422
-1828
30166
-23440
24142
-15458
-383
-17329
-18948
-32389
-13404
-20881
32024
-2259
30643
32725
-16932
-17213
18261
-15181
-20768
32352
-1282
-13749
1024
-18095
9376
2254
-14690
31782
-1958
17352
-29609
29013
20226
-32674
-23729
15056
20956
-18381
-29976
-6649
1563
-4053
-12299
-244
-20606
6605
9072
-30203
-16144
-6549
17064
-5686
-11790
29439
2027
31436
-12221
29659
-17749
26930
25686
18165
30237
2350
16346
5124
15719
-18283
-13009
-7853
5159
4268
30424
17486
12947
-4283
32265
5336
11277
-25101
5884
19012
-24785
7837
17003
-5853
-14769
25664
-25862
-22341
-109
-281
3468
-18616
9065
-32286
13244
-15370
16521
-21696
-14551
13708
5233
4996
25801
13542
22355
-4976
-26795
-3562
-19815
5828
-8326
19278
-1863
-27784
12610
-17266
-2627
7043
7502
16111
-4333
24887
-25316
32470
-22021
17505
14658
-28740
-28831
-85
190
1213
17461
5669
-30695
5373
-12975
-30683
-6241
12957
5549
-27085
28573
15248
28240
6504
-30331
11032
24194
14312
-756
-3319
-9313
-868
-28574
-7234
-16562
6437
-17852
-13860
4940
-9944
-8929
-22341
-30300
3490
16932
-18279
14425
30640
-13464
3974
28587
-1686
5085
7184
16826
-27643
29818
-10085
4783
-1471
9521
24196
18537
15870
28920
16396
-3938
-8163
-19505
-12326
-2957
18820
-26192
15698
12448
29831
-10859
11448
-30460
19813
18276
12769
-12627
4376
18408
21708
3957
-20137
-28239
-31006
-23030
1238
-510
-20503
8547
19151
3258
-17961
-9502
18606
-4556
-15819
-11854
2317
-31206
22616
8916
736
-25020
28507
13463
12268
16525
27322
27775
22888
-4437
27843
1725
-24088
12005
-12871
26127
4979
-23307
25259
-3272
-18185
-21064
-1244
25289
-30264
13564
15461
-1888
11911
15417
-15977
8096
26162
18759
10109
27937
-28052
-19437
27420
-6469
-19967
-30131
-15888
8584
-12100
-32739
-11541
-28152
-19620
9409
-2231
9033
18130
21052
-5636
-4920
6596
-28943
3301
-25193
-6345
-10188
10958
-3039
-1663
3321
23826
22885
-4991
-4258
31756
30372
5629
29743
16704
23692
-25771
-10354
570
-27928
-1202
-21155
-21709
10174
-27831
-6952
24674
-27388
26248
30220
-4825
5027
11990
12379
-6200
-19664
32069
-7958
12556
19683
29258
-14311
13963
10569
21503
5367
7852
-4295
2476
-8781
-14997
13159
17286
-13324
12503
-16522
-10831
29771
-7079
26464
-29327
3988
14743
1175
-30809
3401
-22978
-4767
-12415
-18972
-27301
-38
-13209
-11224
15254
5996
-14816
7293
-29409
-31815
-31168
-14017
15411
-10242
-8769
-23821
26533
10758
-27164
27548
24534
-26744
4941
25599
-22108
-22275
-19879
25038
9705
-5882
-23643
-21007
1250
-14529
-12314
-24149
-5079
-25202
2544
-17956
30332
28401
-27137
-26847
-2989
-18729
-13013
8702
5123
24522
25650
-13813
-10024
-18222
-25480
-26874
1967
21
26144
-32006
-3963
-9683
15009
21588
15245
-13113
13914
-4353
8499
-27672
-18297
-11420
13231
-6004
-28579
17026
-24200
4061
32374
15867
-26793
18899
-28301
23308
10570
-2470
-23364
8083
-5854
2021
2222
24590
4543
6812
6890
-10860
-4545
18147
21972
-7490
-7252
-31116
7786
16037
17558
17122
22339
-816
-10923
25785
32723
10506
-22531
-1550
-6422
-4516
-18653
19190
14179
-35
26196
-2772
26155
-17765
-12469
25053
-14233
14182
-32046
-20283
-10019
17336
9340
-4890
-3158
-1936
2062
8980
3872
26023
-18537
-20271
14568
-30075
2384
-7506
24161
-28694
11335
-18116
-22725
-695
-11608
27486
26943
24151
24779
-719
31867
-28468
-14305
588
30326
-20220
29839
25262
5063
23750
29679
-18183
-10539
-15634
-16923
-24258
-23847
-18689
17324
3917
-9696
-16412
11939
-31882
18046
-10113
29804
-19272
-11507
22856
-22544
1935
-8690
16881
-20993
-6106
-21976
-9751
-17202
-8452
13763
24305
-13039
-2271
32703
14519
25569
-13089
66
-6065
23651
23509
-8991
-21834
6168
25516
7922
-31393
15610
-1499
-3280
13221
-6061
-24136
-18055
11341
-702
-1106
27623
-18959
-2541
-4941
-23521
-16016
24382
-13600
17856
354
-7373
-5046
-27322
30080
-29240
-21242
16864
24835
-20856
-15444
-22063
25349
-32607
31573
24515
10210
32660
10778
-18280
-5492
4021
-1278
-6090
-17183
-7872
-7559
-2866
19961
13642
21565
-30926
-23168
-5264
4561
24436
2787
-224
10324
-2855
4020
-9271
-2830
-30768
29649
-20827
-14666
-21149
23217
-25260
29931
6847
2196
-30681
251
14339
7863
-16595
6829
-16056
3467
-12036
7685
31967
13276
23089
-7800
-12821
-7684
31926
27644
-22021
14306
26036
26812
14624
-27304
2385
-3737
10010
4865
-1247
1048
27842
15243
2645
-17105
6340
-1100
2221
11118
24188
-32679
-7402
21944
-3547
31110
-3312
-14027
31025
-1651
12240
-14608
-27144
-6420
-23007
-6134
-10890
-18329
24039
-12467
-31106
-3590
-27502
16200
16625
-26154
-3318
-21523
-23448
-25522
9877
7826
-27427
-10802
858
920
-824
14790
6038
14431
-9382
19859
22188
28890
9720
-4509
17112
-13427
-15367
6413
-17237
11012
-21613
11008
24369
-21533
-6379
-11508
4092
20031
2386
-22216
10674
-22095
22603
9369
26757
17055
-19182
26140
32595
-10160
2024
3918
-888
-15828
-18519
7195
-6740
13237
29518
30359
12494
-535
21729
-17479
655
9477
9328
26630
22506
25075
17005
25442
-32050
26131
-32715
-23899
-24492
30853
-4663
22091
-4142
-15360
25570
-8909
-20072
27651
20774
29220
-2977
16567
4511
19338
30862
-22512
-10384
-23555
-28625
5008
-5174
-7456
-23926
6540
-12516
-9217
-17750
2252
32626
-8943
18290
-29246
-5076
76
-2925
-16339
24008
-1293
17167
-20403
22807
24265
18611
19065
17541
1448
-17122
10311
-10567
7655
15247
-23010
5468
3811
24712
21578
27445
11374
10760
-25949
7271
-4034
-15973
9595
8184
12375
-26857
29515
9622
-30336
29473
-26208
20115
-2927
-6034
6306
-7904
15853
19111
21536
-840
-10800
4660
2302
5859
12448
21400
-10709
-14566
-20900
-20053
-20456
10474
-16438
-3724
-10841
-9367
-16159
5849
-25195
25796
-16639
-20229
13144
-32458
8762
-17082
6804
-23550
-3946
18521
4070
-19995
8771
-19562
-25016
-17514
15840
18017
32739
16282
13217
29253
-24209
14927
11914
-3927
24294
2861
-11625
-24233
20720
-2489
7902
-12097
-15983
-14068
-5432
19698
-24720
-5824
-19177
28761
-31075
-10960
15380
2345
13763
-9180
5543
-15220
-30994
-27123
15969
-31597
-15710
24937
22165
-14370
-7006
-4486
1123
2558
10511
-24947
-20034
-15467
-1768
16040
-25231
28968
3593
25703
-2527
-14387
25089
29702
30280
-413
17662
5818
-18377
-11595
-21129
-22470
14576
-20161
-25750
-7545
-16068
9907
9460
-12549
-21646
-32187
-31911
-15486
15738
20376
14204
-3303
3499
3991
7419
-10103
10657
22221
664
-32165
30247
14510
7995
-30967
32520
-22913
31338
10348
-21017
10489
7994
-4756
-24826
7110
-20290
-18216
2850
20881
-18708
9358
32049
-14356
-17651
-22557
-13522
-11798
2712
-12250
2246
-8069
-18534
-28021
27442
-12422
11644
32301
21722
24190
29044
21867
-32751
15467
-6842
21856
-67
-13134
9105
12979
-29417
-29357
19623
-28007
22842
-15197
-9525
-30966
23009
-8761
-11026
21825
-14348
-25879
-2312
-29315
18214
1063
9854
15057
-4704
-17840
19193
-19845
8826
5179
24693
18725
2662
11782
23494
-2637
-1752
-12056
14124
-22530
7974
-9519
15995
-9460
27124
-29485
29123
-22175
20168
-6358
-27287
27277
-2563
-1508
18106
-24302
-377
-11648
11288
-16557
-12175
26889
6004
2809
13632
-17574
-19858
-23184
-21136
-2637
2765
-32612
-17977
21637
5791
-14616
4045
9385
1699
-648
28709
2382
-426
-6245
-27157
28340
-30617
-3452
30206
-12129
-8529
-20432
-14987
15219
-9050
-22380
32199
12083
