-26138
-7961
-10424
29156
3339
-5244
14890
-15884
-9842
6069
-8205
-23512
14038
16990
-1419
-11138
2807
19789
17046
-12325
-9196
-5565
18134
-252
-12355
-2674
10025
18607
-6371
32600
-12999
2481
26373
25208
28666
12866
6876
2025
-3660
1895
-7852
-18978
26419
-14476
-19949
-30352
-10340
12445
2861
-1557
850
-22330
30084
-31560
-16004
-31426
-28944
-7979
17066
-20030
-14002
-9982
18446
-19069
-12933
-21647
7649
-10929
12554
-29151
-6074
-11816
-4612
-18734
-28303
-32493
-13528
1424
26684
16820
-23383
12519
15896
1999
17167
4765
-27836
-32383
12408
29726
8304
-27963
-17799
31097
-13106
10084
4072
-30210
-8365
6658
10644
21859
-1409
-20679
-4937
21688
12643
-7207
-18852
-6725
17692
-29356
16029
-8217
-9838
2852
-32064
16931
12441
2162
9496
22533
-17781
-29509
29165
30119
-29945
23190
-2021
10540
-32445
23480
25746
-32559
-19818
-26402
4049
-15203
26219
-779
27662
-15683
-19813
-7583
17251
-29339
-30979
10569
29881
18769
-18554
22038
-24917
27643
21406
-2304
-6368
-30645
23011
20401
-12558
-30483
-26815
2596
-16322
-2216
16476
27510
-14664
-20901
-27520
19441
-24382
5955
-26450
-11994
6249
-12105
-17864
-22238
21318
24072
-6233
17865
-30683
15952
28403
22348
18838
-30214
-20430
-31574
21609
-2560
29558
8534
-28443
-9264
28997
24336
-18964
-23375
23599
15030
-17143
-18471
31467
9026
5692
-13804
-24129
6631
19138
11787
6714
-13753
32153
-31695
-14226
-9797
-1797
-5843
-25517
27852
-18526
-32245
7858
-24133
-26378
1250
-22435
32530
-20719
-25286
-27984
-27255
-10854
19166
28811
21431
-32633
-25973
7845
-13510
29098
22259
14875
26013
-15299
-28255
19587
-14153
32012
8758
-17338
-5940
-28979
31624
20563
2070
250
29980
-10681
8768
-22301
26726
14788
769
-23737
-16230
7259
1760
32261
-9207
-17245
17673
-16231
-8645
-17471
-24248
16980
-11900
4179
1293
32174
14151
13737
-16724
-12483
-6695
26204
-14958
20378
-11548
28999
25271
-18627
10639
30681
31775
31481
-13532
-23355
-32141
4258
6485
-22016
-16466
2620
-22222
-27334
-31218
30539
15769
18831
32232
-17701
10345
-21063
4560
-15006
-3795
23912
-18518
24982
-8071
27969
-27145
785
-12579
-28683
-15299
17856
22133
-21555
9596
3411
17941
-20567
-25646
-3223
-2806
13874
5143
29604
-10624
18059
-22319
1189
27521
16706
-9473
3269
29335
-14159
-24517
25037
-3080
13231
-15151
-15754
-30374
-9810
-7930
30908
102
18197
-8076
5172
14025
10530
-9601
-5367
-12592
32759
-17680
-12032
7082
26162
-1630
13122
25685
31931
24654
-30703
23562
-13816
-25218
-16070
28508
-25687
9083
12436
17639
-18107
-28017
3376
-28506
-2077
-21218
-30599
6349
-878
-27363
8739
-29845
-17039
-11916
-21993
-31887
4111
23193
7938
-9085
21552
-21187
22783
13389
2525
-24058
12013
14460
-7713
-30326
-31302
8269
-26736
-13505
30838
28861
-23797
1697
-30608
-5542
-27981
30057
-31776
16283
-25829
3554
-27966
-3331
-21433
-23467
-26544
31617
6984
2713
-10120
-28919
-20672
-4924
-28640
12553
-24412
-5663
-4282
-6874
-9726
10206
-23540
9242
-30459
24962
-6779
-3455
-12577
11657
-21126
14342
7955
-553
-28685
13917
-25704
5571
24494
16044
32072
30358
-29072
-31557
22483
-32508
-2023
-20845
-14366
-13618
-30784
32743
-9558
26513
-6783
-16383
15841
-23646
7234
14644
1805
-4108
-6578
28965
-24295
32322
4025
30840
12127
-13252
7621
-3786
29969
7362
10749
10946
4065
-24979
-24504
-3457
-27358
-16911
20160
30700
-8141
-7208
-2424
25485
-24234
-25546
19533
-190
-1071
-6274
6101
3920
-15747
13179
-7868
-17644
-24164
15205
23376
-23509
17695
-12794
31059
2909
19014
14593
-8146
-24043
-29817
-10166
8452
26467
5603
2185
-4881
-20540
-10586
31700
12388
13902
-12200
-20646
-14939
-10564
26160
300
11478
20169
3291
-23218
31019
9843
28556
30880
25026
-25183
-10111
28964
9583
15989
27597
10803
-20383
29529
-31838
-13343
12956
16244
15546
19572
5733
-1821
617
-13547
1385
-23691
-22330
-32158
27605
19224
25683
-28072
-22447
31963
-20979
-24519
-10315
-17028
-7514
2963
-5172
-25437
11351
14184
31683
-15430
1511
9836
32151
8027
26134
26978
-10423
602
25198
7833
30448
-7831
-10142
-32387
24769
1624
27601
18754
-7731
23043
-5649
-10809
-10578
9150
-8340
-5789
-19173
23919
-3815
28409
-14529
-1209
17876
-29919
-14333
17925
4314
-2231
-12510
9972
2920
26157
15395
1118
27851
28734
3893
-29251
-20546
18222
-8493
-27027
13344
12196
22864
-8682
-29661
-32760
336
26006
932
-23718
-27654
-20573
-20192
24386
18453
3040
7869
23596
-10976
-13367
23285
-20873
-3835
-4
-153
-8245
-19479
7504
32025
-18539
4266
-22418
-17108
-15991
20828
-14587
-6987
20815
18050
21929
-13523
-32176
-26568
-7861
29208
29309
26669
-23753
-29414
-18572
13199
24265
-5807
-13202
-23628
-16448
17197
-1898
-17235
-26620
-9843
-5049
-26432
7230
-13004
5247
-24657
-530
7082
25450
-5922
532
-15237
3331
14171
29591
26545
30419
-16705
-28630
27868
22999
-24610
-12596
-32433
-10897
-13203
-24827
-835
-3466
-16270
-101
31566
-10887
16526
3058
-17415
-24838
3126
24334
-28115
-18207
12970
-5341
31221
4092
31203
-23357
7540
30883
1623
8378
-9572
15734
12935
885
6240
-26831
17798
-7933
-1464
-29537
30530
-4934
-16066
31156
29115
-26757
-5927
15547
15884
-1146
-12299
-14189
19535
-19208
31651
-25832
1386
-31271
-15477
22184
5542
-6967
-2436
32198
24370
21842
-14696
4034
17270
10446
2976
-31332
-19893
1760
-21814
28134
11776
23708
-19764
-22801
-19618
-28346
31585
-2622
13391
-24681
22307
31118
5282
29381
9906
14841
-10377
9738
-9145
-12389
-4965
1480
-16741
-6761
19660
-3752
-1482
4948
21447
31848
-12281
19794
1843
-4348
28772
-5105
-18062
799
20844
2058
-18616
-291
-28749
-22017
28509
-30119
-22448
3593
17063
24597
-25762
-1760
-4969
-18666
17841
-8333
12852
1385
-32495
23314
18204
31371
22944
12697
5958
20527
26583
-6149
25776
-12091
7593
-23706
26607
-19835
-27100
-10667
25226
9776
13913
-1880
21055
-18339
11965
18911
-19428
-7083
-21568
23678
1653
-2131
17620
-5769
30915
-23203
-1821
10936
-1974
26497
-14608
-17429
-30560
-28994
-19896
-16346
-26845
-25052
-16147
-13339
-18380
21202
17258
-11778
-679
30247
29956
4803
-11462
22911
17215
-13249
5747
-25947
-13368
10876
-12714
-28726
-8272
-18679
-17305
31282
-25835
18033
-20519
24175
-8173
8953
19404
8489
17437
-3241
-20612
18331
-16714
-25452
12075
31395
10344
7692
3356
-21651
22862
9868
-7888
30893
30146
-7809
7811
13211
-18294
15164
-6682
-23716
-14004
-25724
5143
26143
28274
-11023
15102
-28951
10595
-14154
-2908
-8507
3078
-692
-16624
-18218
-10564
10072
20493
-20535
11682
25508
4035
19464
29762
-24269
10525
27005
-24945
31335
24359
19435
1588
31847
-27083
18666
4973
-25742
-16412
-22906
18435
21345
-26356
3425
-1077
-19609
26737
-21093
-9876
21410
-21133
-2783
-5491
-3042
28007
30410
-15777
17320
-28910
24818
5492
3576
29357
-23882
-12786
-12338
-18912
-24883
27552
28732
-11329
2824
15586
-25057
2857
23396
-15605
4220
-15645
-10318
19842
-22205
20935
15069
-25348
14567
-8333
31463
7362
25167
-13725
6232
404
-8779
-15596
5215
23724
6579
-29975
27798
-3507
-1671
1522
-17579
25216
12035
3733
23451
-3225
28806
14855
12209
2985
-30743
31916
-5819
11382
-1197
23887
29232
-1599
-12813
9781
-11028
-24610
-26684
17163
-15498
-23156
-3203
-17735
-25598
-1723
412
29692
-30169
-14086
32649
-19454
9135
29470
-20006
1449
-24556
-24542
8355
30937
-30346
21287
-6905
-6000
-31149
-32447
1714
-18740
-25918
32219
10403
11628
85
19380
-31770
29397
29589
-24320
-4221
-16005
-27114
11777
29829
20791
-15323
29966
-21215
8613
32034
17096
-4640
-27612
15721
-27183
-2038
-31528
26830
-31543
-19434
20861
-23345
29114
13107
-731
-16062
-26150
-2298
24485
3777
-12148
15964
4124
-15973
-2830
-10713
31012
-16290
28845
-21143
17914
-751
-12516
11104
6007
14332
15307
1727
12264
-13552
30584
7413
-31544
-8991
-28095
-30546
25916
6737
31294
-2477
-23387
-10806
11670
-2627
-2119
11013
7860
-14345
-3123
-31081
6671
-6119
-8510
-20508
-17360
20043
16100
13537
18199
11236
-9815
-10670
26129
-24689
-28617
21412
11976
-24411
18654
-19071
28363
8347
-11157
-2608
5223
8589
32313
-23417
16856
16604
-18863
-6168
23008
-2829
1070
-2175
5302
32030
12690
-3926
27719
17043
23566
-23629
-4372
10612
23675
-18269
-14505
4361
-19635
19099
-30461
-32240
-5966
-10028
-28698
18968
4012
11299
-32122
-31968
-9490
-28598
17774
17941
29329
32679
28415
1972
-1593
-24384
2704
24130
29493
-19416
14842
-20581
29541
-11716
1150
1578
-12317
5974
25082
3122
14920
-25170
20874
-5119
30259
25540
-30082
-27556
-26369
32392
5791
-24576
-32164
-18951
-6921
-8382
31966
27498
9149
17091
-19118
26756
-3884
-22963
-2085
-2640
-20614
-17742
-7649
22328
4720
3565
31009
-28650
-22150
-4026
-11754
2348
-32478
-19059
15605
31830
9207
-28283
8207
16871
3104
3673
29529
-8236
21561
-9147
-30032
31100
13984
31026
-25123
32537
-21994
-4191
15765
-17491
10936
-21632
-23481
-24419
32357
9284
-28243
28150
874
-9460
8295
-27074
-10091
-5161
-15272
31947
-4702
12523
24783
28148
-13555
-18608
9659
28568
-24529
854
-23925
18802
-6462
25689
15867
-7184
-21821
22147
473
-9038
17829
-20043
26993
-4192
7155
9354
-24062
-27745
-21453
14982
27631
-5672
-456
-5054
-29706
-8528
16853
30920
31487
6978
11231
1814
-15327
9867
24708
20123
16159
-10970
-1509
17907
5921
-6497
-1238
-26965
19453
28537
15086
21786
7561
28346
6950
15231
-28741
-20970
5692
26369
-2408
-13382
-2857
22004
14623
3259
14775
-22989
14836
22292
4871
-11648
-27410
29252
-8214
-4570
-24451
28041
6523
7571
25088
-13638
11819
19238
-7190
-13132
-24985
22280
7338
2158
27046
-16080
21925
6055
-25881
-29581
-16164
3108
-31914
-9791
-21377
665
-3447
31350
-31895
-3032
31476
30917
-30366
-23177
-28217
21822
585
21098
6421
30837
13086
30077
-23679
6084
27608
-13912
-32755
-29655
2344
26088
23930
-9673
7436
-28293
5102
-5575
11592
-20606
-7194
-20649
14005
24958
14748
15588
-7062
-16574
-15411
-30506
-22077
17272
27828
23083
11849
-13325
-31585
-23885
14965
-13214
11414
17062
5186
-27955
-12118
-2660
-1363
15504
16475
-6292
12033
-17648
-19304
12359
-17642
1754
-11809
14057
-7353
24740
30188
-18472
-3216
16039
-8274
-3895
-10845
17855
-32630
12075
-24113
27928
-31211
-16189
5429
11126
-5347
1362
-24367
19744
-24816
8326
32110
-11934
4786
-29991
-2848
-4442
14672
-32614
-12600
7224
-13017
3621
-28555
-16228
26173
14373
-385
-7305
-19805
32488
3913
550
-8470
-17427
15709
-6672
-478
6249
-5979
6838
19
-25578
13684
25970
-31508
-27927
-26482
22819
-25301
-14061
-299
-5778
17678
23549
16396
-26159
10817
-24706
19277
-22403
2794
22012
15469
21439
-17125
15091
18739
6419
-21091
-25013
13687
-29503
25876
-28677
-17132
10525
25225
-9540
8879
13434
23097
-13101
-11657
-25453
-22562
-29190
-14443
26270
-31948
-32414
9120
4887
17915
-3368
9946
5108
-11706
3587
30793
13474
-6128
-8517
27824
-28028
-1703
-9863
-17563
-31468
-13444
10989
-12295
-27478
-2833
-12877
-22576
24271
1629
9479
-5503
1854
-4574
-25663
-21473
-27541
-6897
-31165
2127
22193
-3163
18080
-31403
14642
-8550
29147
-4650
-25818
2495
29995
4255
4321
-24508
-1414
-27344
11144
4430
2790
-11235
9774
-20480
-20867
25186
6081
1470
-30743
-16755
2160
9715
-21659
20130
2496
4622
-20559
-25060
12344
-779
-18385
-30076
3491
-825
-2287
-12774
2806
31233
-6477
5947
-16175
27390
14591
-25671
11664
10952
15360
-10516
26643
31318
12925
-7731
11780
-1251
-8255
-27700
27845
12789
17774
23432
-23546
-7817
21128
32373
-16163
19080
634
11838
-12135
-23944
11081
-23772
-21997
-12989
-1557
10776
27825
11103
-9312
-10783
29696
2513
21382
16859
7899
914
-1226
-27175
-30397
25449
-21128
-18012
6083
21776
-26075
26502
29573
29883
-15844
-29536
21991
3065
6732
9728
17085
2802
21741
-30252
4143
-29436
4027
-13525
-9425
30640
-6557
-22571
-14457
-32000
-22527
12021
-21870
-17898
-20799
3975
32635
17235
6288
15785
17461
-335
24575
24028
-25110
18814
-27610
9489
25630
-2422
11951
-25453
-3713
18830
18195
-1846
-9955
-31464
-24115
29161
24433
22945
-9545
19823
-10771
17725
-22116
1908
-18410
-19864
-66
19180
10585
25940
32145
10175
12914
-31078
32661
-19026
-8869
23067
-16078
4897
3823
29050
21702
28379
-17110
-5955
28632
-29838
-7959
-930
19018
-5206
17000
1990
4023
-26942
-180
-17645
-24076
9086
26942
5938
-21606
31011
-25536
32626
16833
30019
-5259
-4261
5068
25959
947
9180
-6069
925
25230
18169
-6655
25810
-32496
27817
-6130
2082
-12040
-4049
-9183
-2589
27581
-32584
-5671
-25178
4620
27757
-7627
-7672
-9504
30936
13860
-32407
-20149
22416
29499
-13718
32721
-31131
1394
19297
-22426
10692
-17136
-5219
10212
12449
22439
-25221
-31643
-12144
2875
-26518
25827
10578
-11663
-13883
29124
-24883
-1822
-5247
-9020
14381
9880
28607
-20583
5033
-5740
12352
-16330
-17059
31855
-28515
-5733
-1877
18737
-32141
-6069
19188
26401
-26008
-1703
22174
4811
9472
6930
-10878
-8424
-5540
-29108
-15961
7803
4033
-2248
-1163
-15533
17942
15603
31782
-18875
13354
1690
-7250
25038
-13350
29948
-3879
-3600
-1772
30709
13043
-31008
-9792
-8615
946
23022
28017
-135
-26504
-27767
27655
-25256
-17927
20789
-19940
24160
28998
6881
29260
-559
-18131
-14822
6780
4515
732
-31112
-25660
1336
7444
-21971
-31647
-22655
-13173
16796
6771
27587
9399
-20190
26272
15394
28677
-5160
-8829
31873
13911
-10588
5879
-25273
-20253
4661
-15772
23675
-17803
11067
-14677
-27445
2824
-4180
15647
14545
19907
26661
-18864
-9641
24637
-19335
-2159
-9252
-13767
-13769
8335
11256
15518
-11142
-6244
10561
-22793
-19533
23519
3522
12824
-9066
23665
290
12118
-27342
-19647
-20381
-13584
20237
-32044
2602
4324
-25221
30198
32455
-27851
1765
-8127
-7500
-16292
-20381
-16807
-11582
-18102
-24004
17732
14563
13728
9384
28533
20626
-15011
29605
-18765
18890
32456
-14119
-5654
27039
-6169
31384
-12840
18304
-21995
-20704
-2164
-31232
24360
-7493
4037
9794
-31004
16435
28211
21784
29610
-30137
-17523
20627
-16957
5424
2425
-15023
-29764
3946
-28809
-15785
-16545
6254
-1171
8850
-10779
-7002
1352
2797
2695
28007
-19369
-9217
2681
-5083
-31356
-18853
18733
-24681
24950
28798
-15351
6688
4501
-25252
-15265
-26550
-23864
619
-4388
-25025
-6868
-25467
-20671
-9331
-2131
4642
-12423
5094
-29090
12902
-14058
-29689
25281
-8278
8220
14766
-780
-31577
-10695
-18994
-15212
-3253
-15041
-20562
2216
19482
28695
24653
27986
19764
-26361
15576
-4513
10223
-21447
-6361
26021
-17385
-12849
7021
17508
-10305
6699
6659
-4522
-9540
26532
-13246
-6733
-9040
-26472
-23681
-18668
13487
19653
-3799
21537
405
-32466
14075
19507
4567
27927
-20909
4533
18958
-21589
1421
15220
26895
-32592
4772
28878
-14173
-14378
-1592
28591
31182
-8892
1821
23409
-9254
-29057
15013
17310
-29504
-7496
17709
-28287
21092
18805
30054
-13415
23385
32401
-11237
-8715
-2506
12951
28268
-10671
-24943
18044
-29353
-15577
-356
10683
22805
9359
17497
-22079
10211
7685
-5784
16825
30366
22523
-13211
-17979
19122
16472
15105
-23445
31744
6346
19360
2444
9724
503
-23150
19869
16077
-3447
-26897
9274
5026
18702
5904
7456
10510
26573
5292
6788
-16753
-30373
11891
-16456
-3038
-17140
-19095
-22726
20744
-17822
-26687
-4326
10903
-1484
-27796
27323
10787
17596
-12498
-30474
-3818
-23667
-18079
-17021
-26097
26186
-13499
-794
-27090
-22173
-28682
-26220
9587
-29321
3576
-28291
26941
3782
29293
6913
-12320
11112
-25392
50
22611
-14506
-5549
6000
-4842
32087
24559
-6031
-11004
19430
4602
19596
-1678
-13126
26704
-26233
-32694
26200
-25029
-23157
-1720
-22912
-25396
-19540
7523
-19382
3832
6051
-8384
-30371
20025
8190
19386
24781
-31023
-27237
31151
-29951
12957
-8318
-30794
-27329
-13909
-26065
26373
29777
18227
12566
-3435
8420
-7580
-13914
-28389
-11081
6554
-29052
24925
-10297
-4254
10816
-20593
-29629
-2070
98
12975
10332
-27082
29628
20786
19711
-30764
18740
27551
26707
-25029
-2601
-5023
-27857
17600
26445
-25695
22602
12848
-27202
30290
-27525
25843
-4643
1873
24205
18656
25238
398
-22976
-23134
-19229
-26001
-1834
-19276
16643
-7369
-25915
32266
24627
8348
-6903
23119
11665
-8336
-27267
14762
15739
17750
-32523
3649
-27069
-9027
-10686
31040
-1742
-9533
-7923
-26226
19200
-24992
-1134
-25855
-21862
-6256
7725
25938
-31442
1454
15314
-30304
-18748
-1062
23123
19821
-31222
23166
5515
29309
2698
19712
-928
6668
19524
6776
-2399
-7481
11153
6286
-23860
8276
-8074
-12423
23190
-13437
-24510
-12788
19827
-30208
-18282
27884
-8239
-4930
11969
32738
15950
-15372
-19840
-19399
-11321
10149
29441
6977
4394
-27670
9584
8197
-18868
14243
19373
-6415
-30097
21764
-30073
-10574
13255
21119
-25039
-14030
-25388
-9352
15413
9119
5754
12152
-3666
-11101
9769
32535
-13099
-2146
-20814
-2713
24836
-25574
-7408
-13049
29707
-4032
12811
-28711
25550
-12929
6580
24644
4959
26171
-28232
-5331
-4519
-27727
31634
24924
20900
718
18347
-26693
26781
16219
-16844
11508
19844
23567
-25871
21474
-938
-18718
27362
-24204
26361
6235
-9523
-711
-17953
11562
25978
-27748
-24625
6309
4371
26775
5190
-24688
-21991
-5589
4882
10717
-21666
-24247
13385
-25936
-15913
-8069
938
-17075
-25793
3863
-23986
-14765
28311
-4072
443
10222
28047
892
-14500
-18363
3516
-7835
-22729
-5926
-10068
11693
-15066
-29128
12766
-31943
27468
30351
16797
30149
9471
-12645
-3174
-30343
3318
4968
-18312
-16671
-8732
4223
31032
4793
5225
10471
-5252
4147
12644
-5514
13705
21727
-5221
-21986
-28315
-23241
-8262
-22425
23941
-3912
3516
-766
-13663
25777
12973
18547
5405
27797
-12868
-5412
-1647
16112
24492
16088
-11532
22009
13243
6032
-28215
-3380
-16199
-32569
31508
-30170
29080
-32750
24129
-17964
25699
22075
-20284
9656
28261
32682
-16722
23399
29914
29424
-8412
-25761
-5916
-9102
23451
9947
-2598
-10710
30983
29014
-20218
23184
-11824
21643
22952
-3690
-4180
9766
30828
22196
-11161
19973
27939
-26829
-8086
-17368
-17939
-6300
17963
23836
6829
11811
-1660
27694
14327
1369
-13879
16909
-31691
-20838
5595
-214
-28105
15082
18693
12442
-3027
-7002
4019
20149
29163
23137
-3315
-19412
9618
31259
-13718
27849
-12918
-17574
12703
-1306
25316
18294
-3275
-3510
-15586
32536
5470
2002
-988
27562
-1813
-2906
-30247
23550
-18177
19448
-27695
-21745
-17740
8832
-1400
28622
7051
9848
-15642
-27345
28107
-30906
12056
-26341
-3672
-13392
-27681
-3660
14921
30148
-18157
-10344
-4667
4942
21676
-3008
3789
6621
-4333
13191
-156
-21118
16316
-18616
11080
12556
-11953
-21489
2392
16131
31724
32242
-7491
27157
1295
-21360
-28929
-7098
-3182
15613
5104
-5220
26419
-30445
-10116
-25723
-32143
-5486
-9925
-32320
-19030
-32356
3584
5613
-1348
5410
-4300
-3391
-12310
-13172
-13821
28601
-32486
16726
21113
-1382
3709
10236
-23942
20300
-16491
-28968
-27531
28059
12665
29220
10529
-5295
28581
9271
26369
530
26105
-14162
-7495
30674
-17616
-7727
-8374
16601
-7520
-20717
-19147
31337
-2958
-9314
-4248
7429
-25837
-17401
19724
-31411
9494
6682
-26821
-19849
-30085
19912
-1677
-9874
-3030
8741
19474
-21634
5377
-14963
32650
28577
25362
-15398
6014
-12936
83
-13879
25783
-5957
-7779
-20375
-4865
11374
-31979
4005
12232
-7009
14565
22273
-18747
-31306
-5278
11090
8513
16496
-12946
-30546
-26249
16767
23638
-6300
-7526
-17496
-18425
25378
-4377
-25711
8834
-23758
-21391
-31697
13786
692
30677
29378
8039
14389
25556
10624
-4246
31519
17586
16315
-13313
-6543
11906
30411
-27007
-26760
-10927
-19846
21035
-14405
-487
-19443
23355
-7948
-4181
30454
15686
18983
-28066
-12762
-18419
27868
-21084
-24368
16785
12651
29306
-6647
5286
-3735
16830
15823
-25926
-24783
23873
-14641
-16370
-24179
-3357
-28765
-32429
-23948
-20385
-15660
-15990
20452
-12523
27742
14167
-12823
18073
30682
168
22678
-27339
17976
11180
21847
19741
-1495
17469
-11739
21950
23053
-19307
12791
-28756
-6496
-30625
-31408
19082
-31472
-7887
-12851
-17443
-9247
11097
11253
25990
16722
-7674
-18935
7007
-9623
29124
30450
5746
18820
-30604
-11160
17721
2992
-7827
23293
-14426
25456
23855
-20595
17921
28740
-3244
9343
-28219
-11855
-12845
12898
-16609
-2834
-25412
-11654
-22906
-5060
-3776
31352
32000
28352
12052
14431
-3478
24592
25399
11617
1132
-437
3849
26360
30079
-27183
-18741
-10993
-26964
22946
-15759
-9157
-11486
-16554
-40
-15571
11469
32148
-10925
-1499
-26454
3163
-3184
-1141
-5648
17843
5605
17573
-17605
-31205
8173
-23184
-31635
27515
-22644
-6536
-13188
4570
-17861
-31750
9760
27765
27853
-778
26195
6822
-31613
-2691
17327
-10420
18529
11011
19882
25044
18971
-1563
-5451
32747
-19168
-3348
-13276
30387
29473
-16369
1800
6826
13568
22322
-16163
21793
12018
14882
7935
-16808
5925
17028
-6100
-21718
-19028
14592
1701
-12958
5321
13955
-9630
17827
8357
-29041
2554
-14859
17735
-15950
16769
9174
23037
-18659
3636
30994
-5863
15430
-14843
-19953
-23801
-30267
10748
10428
-29749
19479
12942
-21697
12745
28613
13482
3331
-764
-20630
20154
8607
25996
-23830
-13180
-16338
-24444
-12586
-3891
11853
4677
-3374
21497
4561
-27365
-27096
-14733
-14361
25374
-28310
26089
-16134
12969
5178
21636
16418
-11277
26162
16600
-25284
24356
25046
-21050
-6018
-15925
26802
-22223
-28968
14987
20367
24726
24006
4698
-32313
-15744
1498
-24085
23202
7105
-1331
29316
29693
24500
20536
2385
26834
-30159
-3598
-21547
19208
19044
22250
11490
-13491
-6744
-29235
-28427
-11769
252
16910
6333
2168
-16239
6343
314
-28440
27653
-31740
2056
-4888
-31062
-5184
-31968
-12082
2664
-13433
-25877
25382
13513
9117
-2631
10088
5279
23765
-7285
-27996
-14424
32247
-9923
2393
5887
20938
-13810
-14976
-7804
-9036
-20865
-7292
-32015
16631
18322
-27265
9975
-3943
-4757
15223
-18646
-13368
-1994
-8234
-11600
-29957
4743
22220
-265
-27750
-31737
16
34
5707
17264
-5762
2158
5600
24331
-11789
11607
-18996
2649
19267
20916
-4282
24640
-1462
29598
-29680
-22395
-19455
3385
1468
-20588
-2344
-2219
-22349
32707
-243
-783
6570
-29986
29993
3736
7401
4861
30111
-15207
15869
25063
28793
-24813
-18648
7583
8238
13037
-18605
-13974
-26995
12968
-6731
16931
7873
503
-15865
-15103
29573
17226
16464
-12401
-30629
-29130
-16542
-6094
-6947
15775
14545
7654
20812
1255
18863
-12692
21277
-17712
29376
444
-18268
-30385
-20640
27129
13023
28986
16886
-10592
-17292
-12067
21786
-21996
19605
23614
-12229
-24415
5444
-18812
32492
-2109
19313
-25873
27104
-15152
14440
17638
94
2554
4925
-31282
29034
-10054
-7841
-18525
21388
-28540
23871
31639
31263
2276
-24021
-3201
-26796
13822
7189
-6915
2480
-27054
-1353
-2631
-2979
30954
9872
-4270
-32558
-5386
30517
-17862
-5811
-9320
-22119
32352
-21801
-15044
21881
6357
-553
-5335
-7935
-10976
29783
-1406
12628
6543
23773
-25194
-26766
30052
18640
20627
14328
16332
-10858
-31070
-4802
-18758
-26829
-4557
25169
19612
-15462
25567
-6586
-27646
-629
-7548
13930
-2063
24080
32689
16079
12360
-25694
17307
-28734
8413
-4660
27454
1901
-28033
3220
25592
-4435
-2857
27229
-28808
-30762
6187
-30855
-24834
-12615
-29199
-446
5390
-5956
7993
-22798
15470
-31741
-30697
-3599
-23679
9404
26284
22486
-5381
8085
3410
32259
30469
-16333
-22940
28366
20905
-9518
-9977
1111
19866
-14318
-8754
25836
14438
-30273
-19927
12316
-21767
-26675
-9799
-17586
-14471
-27539
-9084
32001
-3185
-6609
28924
-31304
24059
-2216
243
-23216
-8562
-26308
-1971
-25546
32621
-13628
3239
30460
-16677
-7926
27870
-3140
22558
-12012
-30884
-28704
8972
6564
-10685
-25152
22704
-29645
-8044
-32587
19573
-3093
24328
-4395
26780
23012
13283
-10419
-747
25956
-23406
19535
12201
5942
1061
-28757
7319
-8399
-16960
8421
-2448
-13622
28086
27670
-19362
19406
30908
30782
-25136
-10695
20413
-19383
-15763
21519
20408
-15964
11637
11900
-5023
-9349
25462
27367
-27486
14731
31066
6977
-32764
-29294
-11302
8275
21473
31307
24124
-696
20361
-23757
-14447
15151
28197
-19544
5402
-25661
-21096
31971
-26303
6684
26899
2416
7609
30899
30401
17714
-12242
-9383
30473
-26322
16413
-21422
-31518
-26172
32058
-13408
13790
-22867
9482
-14506
-26309
7029
-4370
-25589
-23396
28584
1408
15465
15818
25990
15454
-8471
-12225
9831
-3782
-12158
7553
-5203
10057
19362
-18567
-27818
11303
-28110
21372
16172
-11013
18840
-6811
-8802
8950
-10219
12619
15111
-8619
16888
17232
-1323
30339
-14804
-986
-26867
14033
14503
-24203
17806
-24990
-9677
8493
25078
27259
11285
30379
-17664
-23985
-248
24751
-7527
-19732
-17373
22336
24466
27322
-22780
28765
24550
25412
-26631
-23906
19092
10310
27991
-27504
20518
11069
13034
-6127
-10038
21047
-16779
-20360
28417
-20207
16469
-32116
-31223
-17410
1879
19822
15016
640
30329
-5284
-4640
16814
-5125
6446
22511
23766
6235
17389
29489
-29816
1187
23302
23916
-13341
-14688
-26997
3794
26722
-23984
-8155
-31336
8173
5993
19983
-15070
16194
6657
-8500
-14367
-17717
30011
25783
17068
6082
5936
20628
-10022
-19517
-15145
-13873
8141
-18020
29977
17327
-28339
-11619
21004
32369
19269
25377
7973
-23776
15449
-7782
-31824
-5802
7134
-26938
30782
-2576
19609
-10637
-10657
-7815
-30458
32643
-14023
-27260
-1992
21076
-24970
-4121
2664
27770
13860
-9532
15374
-1820
4311
18552
-24932
-7341
-17733
-15769
-14897
7728
4832
-1647
30892
-13881
-21079
-30680
17678
19390
20786
-11560
-11060
9759
19198
-18164
-23685
7295
7583
-32006
29659
-2377
-14966
15511
-23586
-4145
-27646
27750
15906
-24468
24357
-10983
26704
-3214
-31208
-20204
-29481
29733
2094
-26921
24405
1172
-20887
-2769
-25919
-13477
1487
-10665
6123
-6196
-21985
22757
-25629
15225
8038
3488
31926
22540
14820
10531
-1012
24702
-11548
14447
-2530
27824
18884
-14517
17531
-16799
4130
10107
-3234
-10640
16391
18416
10367
14740
-1200
19118
23221
29532
4880
18599
14603
-22895
13883
29290
24702
-17939
-22979
31920
-16543
-4031
12484
1986
17734
31459
-4676
28861
16035
21898
46
15286
31473
31338
22906
1456
7297
15822
15742
-21126
-20259
24566
1781
8791
-3895
9308
27359
1956
18156
32081
14873
7213
-1017
6905
24571
5250
-22590
-4964
-25306
22292
17704
25433
15705
-14015
2495
-31424
-14461
-25574
-8675
-24668
26302
-14285
5949
10229
-29785
-22743
-12443
6625
1162
-9709
-615
-7736
-29710
27603
10944
-23914
-29676
-8643
25431
26112
-26998
-28397
-15161
-31202
-12536
-19988
-15032
24379
18490
-23564
5501
6469
4551
-29063
-17770
5971
30293
-32407
-16377
23739
-22325
24215
-24586
-2454
-8308
